
A109VVAISTEUKY:25-0553280422,5||1576733599,5||0141002255,3||0825421284,5||0375405445,3||0825427088,5||0375705244,3||0788761331,3||0842307575,5||0670893757,3||1564767582,5||0786887176,5||0743504232,5||
A10AR58JCYQ4CF:20-086140324X,5||1880418401,5||0345389409,5||0452155614,5||0786911808,2||0786928425,3||0679438327,5||0345409671,5||0786906162,3||0922915121,3||
A10CKSSGT8W7LD:28-B000000OVQ,2||B000002C1V,3||B00006F2TV,5||0793518326,5||B0000025DT,5||6304277385,4||B00006G8LB,5||B00006G8LC,5||B00006LI3R,5||B000006TRV,5||B000002UA0,5||B00005QK3W,5||B00005QK3X,5||B00006G8G4,5||
A10D9PL1OEUIBF:23-0765300265,2||1587889390,2||0061092002,5||0425181685,5||0765340747,2||0060182970,5||0765341964,5||0765342987,1||0515133876,5||0765303183,2||0743417356,5||0786012064,2||
A10E5VOFPVUN8F:26-0679740651,5||B00000G2QN,5||0783225857,2||0345424719,4||0786889020,5||B00000AFF9,3||0671014730,4||0875420036,5||B00000DFDK,5||0783222955,2||0671003755,4||630547771X,1||0613033205,4||
A10FIX216EST0J:22-B0000714BU,5||B00006HBUJ,5||B000062XH9,5||B000062XNA,5||B000066C8F,4||B00005RJ1U,1||B00005B238,5||B000087F5Y,5||B00000JGEF,5||B00005221L,5||6305276900,5||
A10G0HIXMEORBT:25-0446529869,5||1586211730,5||1590070402,5||0684837013,5||0060081597,5||0345426800,5||0395977894,1||0553529005,1||0783891695,5||1586211749,5||189322435X,5||1893224643,5||0871318865,5||
A10IRJDTSX46I0:21-B00000JCB2,5||0694520136,5||039598078X,5||0393966402,5||078381609X,5||1561001147,5||3895082104,5||0689831390,5||0812504224,5||0451526503,5||059043389X,5||
A10MDGCM61J4WB:25-0345428714,1||0785729194,5||0553713655,1||0679436960,5||0345428587,3||0684863030,3||0375416242,3||0553528971,2||0783893116,1||0061059072,4||0553565079,3||0345428692,2||0679457895,5||
A10NG9VLEPYQAC:20-0671723650,5||B00000JLWW,5||0671043218,5||6305280754,5||B00000I7JR,4||0671027034,5||B000002BHE,5||B000000E4D,5||B00003CXO0,5||6304078250,5||
A10O7DDP837COM:24-6305265666,5||B000067J1Q,5||B000067J1P,5||B00003CXCS,5||B00006RCSR,5||0783235488,5||630557605X,5||6305963444,5||0767805712,5||B00006ZXSK,5||B00006ZXSI,5||B00005R23Z,5||
A10VK6TZYE5EDP:24-0425173895,5||0446604275,3||0808514032,3||0375410031,3||B000003TB4,4||0684832674,4||0345455681,3||0140187537,5||0812034074,3||0449002632,3||078670019X,2||1574882864,4||
A10WUME856PDHY:26-0156961741,5||0767905342,5||0802150837,1||0521348889,4||1563892014,1||1563893428,4||156389341X,4||0767905334,5||0743226917,2||B00008PHCZ,5||0195002768,3||1563891050,3||0023077530,5||
A10X5S2OJUCAX5:27-0452282152,4||014028009X,2||0451408888,1||052594527X,4||0316788228,2||0670880728,2||1561559288,5||061302527X,4||B00003O9IY,5||1565114973,4||0140293248,4||1568951868,4||0316789089,2||
A111O7WVYWK4RU:20-037582345X,4||0451452682,1||0345413350,4||630426786X,5||B00005KHJM,4||0807281808,4||0446601977,5||0446675504,5||0679879242,4||6304306873,5||
A116UAF7VAPQQO:27-B00005O439,2||B000063URC,5||6305594368,5||630504077X,5||0780622383,5||0767827635,4||630439408X,2||6300214664,5||6300183459,3||B000063UV1,5||0790737973,4||1573625736,5||0780621980,5||079073639X,4||
A1174D8Q9S455C:23-B00005V9L7,5||B00005O893,3||B000001EWU,5||B000065U6P,2||B000002IZ7,3||B00005JKEC,5||B000002HYQ,3||B00001QGLB,4||B00000055T,5||B000067DNF,2||B00000050T,5||
A117XVU2X9M5FK:22-0449213943,5||0553456644,5||0375406999,3||0399143904,4||0375409726,5||0375403477,4||0679436960,4||0449911497,5||0613033361,4||0316739928,5||0553502417,5||
A11A1GK50OOU7N:20-0140067477,4||0399144463,4||0743506308,3||0671582739,3||014095144X,4||1878424319,3||0525244581,4||0743500474,4||0060958324,4||0399147241,4||
A11HEM5O345OL3:21-B00000JWMI,4||B000001BCM,4||0763609978,5||0064471098,4||1561797928,4||0671578294,4||0671720937,4||B00003ZAN1,5||0380977281,3||0020421907,5||B00005AKNS,5||
A11I4QMFDBD871:27-B000005BAP,5||B00006JIB2,4||B00006JIAP,4||B00005NNOP,5||B00001NFTW,5||B00006L752,4||9068322788,5||B00005AVKD,4||B00005A9AX,5||B00006JP29,5||B00005UMQ5,4||B00007H1Y2,4||B00007MB5X,4||
A11J17A2HNP5FQ:25-B00004TKGS,5||8420646628,5||013033846X,5||B00004R8RX,5||8432216119,5||B000026H3A,5||B00004SZB7,4||B000063VDP,5||3822880884,4||B00001IV9T,5||3822819832,4||B00000IKIA,5||
A11JZYOPFMDGXW:26-1885408706,4||B00005O06X,2||0756757614,4||0385496095,4||6305907951,5||0786865172,5||157270036X,5||0767003357,4||006017322X,5||0679442405,4||6300250512,5||0792840941,2||0060933275,5||
A11P29WHA7WZGH:22-B00007AJF9,5||6304681526,5||630522336X,5||0780631153,3||B000002HLI,4||B00003CX9D,5||6305610452,5||B000021Y77,5||B00000ICY6,5||B00004Y6TQ,4||B000021Y75,5||
A11Q1TOB2RY3SG:21-B00005S6K5,5||6305161925,4||1572521465,5||B00003CXE7,5||B00003CXE6,5||B00004ZEPN,5||B000050HSL,5||6305313687,5||B000022TT4,5||B000022TT6,5||
A11QN5H4KETLTA:24-B000002GGR,5||B000002U3K,5||B000026GZH,5||B00000DRAX,5||B00004TCPN,5||B000003CMR,5||B000002U9E,1||B000001YOW,5||B000009H60,5||B00005J9M0,5||B0000072I2,5||B00005ATHH,5||
A11R95S2X6RVB0:22-B00001ODHJ,5||B00001ODHH,5||B00001ODHF,5||B00000I5JL,3||B00000I9U4,5||B00005OCK5,5||B000020612,4||B00004SH70,2||B00005OCPP,5||B00000DFR0,5||B0000844IT,5||
A11UHFQNPSICA2:27-B00005JLH0,5||B00008S2SF,5||6305812233,5||0804111634,5||B00008ZZ8U,5||0736645071,5||6302180198,5||0500237727,4||630560097X,5||B00005BKZP,4||6301972058,4||0670840572,5||B0000025PU,5||
A11ZO7P3F4W8DP:21-B000001D7E,5||B000009VOM,5||B00005U1YO,5||B00000IY1R,4||B000005HTY,4||B00005NNQO,3||B000001E81,5||B00008DKDC,5||B000006BZ5,2||B00006JKKK,5||
A1201GM4E66B4K:20-B00007AJLC,4||B00004XPQ7,4||B00007J6J9,5||B000068R3M,4||6303255124,4||6301404440,4||B00007L4I9,5||B00005R23Y,4||B00005JLBQ,5||B00005JKE1,4||
A12093LRVB4E4X:24-0881036366,5||1890603341,3||0395489318,5||0471364142,5||0788789813,5||0808520768,5||044100590X,5||0553714775,5||0471417432,5||0345339703,5||1586640054,4||0618002227,5||
A1214BYO34I8MH:22-006099486X,5||0671582364,5||B00005ABJ5,5||0446524999,5||0672323257,5||0812539370,5||0385199570,5||0446674842,5||0517219018,5||B000005HEU,5||0743506650,5||
A121VV89TQDZAO:28-0792842081,5||B00005IAQA,4||0425127583,3||B00004WIBW,5||0792164903,5||B000002UJR,5||0671685635,4||B00000I660,5||6303954200,4||B00003CWRF,4||B00003CWL6,5||B00000ILE5,4||B000024D4R,5||B00004XONN,4||
A1221NBEVCAMB6:24-0618002235,4||0828810761,4||0788789546,4||0788789813,5||0808520768,5||078878983X,4||061826051X,5||0345008634,4||0345339703,5||0618002227,5||0618129081,4||0618153985,5||
A122J57TZCUX6:22-0060536969,2||0060536985,2||055350228X,1||0060536950,2||0553712233,1||0525946896,2||0671690841,5||0375404376,2||0375404368,2||0345417623,2||0066214122,2||
A1235ZFF8E35AI:25-0060278269,2||0590554085,4||0440928931,5||0613035976,5||0060273224,5||0590396056,4||0590554093,5||0590396838,4||0807205613,2||0590554115,5||0590396285,4||B00000I0D9,5||
A124S4SUN8KZON:22-0807126063,5||0807126071,5||0822215497,2||1931056846,2||1894003241,2||0517122707,5||0812523016,2||1551111365,2||1569945128,2||0451523377,2||0312863586,2||
A1293T0VU2YKKT:21-0842342702,5||0842343237,5||088368148X,5||0802726968,5||0788749722,5||0880708492,5||0842329129,5||1576736016,5||0842354204,5||0842319344,5||0310230071,5||
A12GF59SMY5NT1:21-B000065B28,3||B00006HBUI,3||B00006HBUG,3||B00006HBUH,3||B000065U6P,5||B000069F5H,5||0807281956,5||0786222727,5||156025226X,1||0807286001,5||B00007L4KR,3||
A12GVWRK7R9OSC:26-B00005YSSJ,4||1573223301,5||158788223X,5||B00005MLU5,5||0345435028,4||0345441567,5||1587884909,5||B00006G8JO,5||B00005V3XL,4||1573221716,5||1587882213,5||B000001YNV,5||0515130389,5||
A12I0TDUSVEISA:23-0441006841,5||0441007813,5||0140287434,4||0380778556,5||0684833662,1||0595176208,2||630560939X,4||0380730405,5||1559272619,5||0553280414,1||0791056635,1||0899684300,4||
A12I2VC7GL3WGP:22-B000035Z38,5||B00005BI95,5||B00005JKYX,4||6305010463,5||B0000897EA,3||B00005BK5G,3||B000085OY1,5||B00006AG58,4||B00005B1X8,5||0783241585,5||B00008AOVL,4||
A12JOSPYGCN90V:26-B000000W3G,5||B00003CX8I,3||B000065U3Q,5||B00005RGFU,5||B000006TRV,1||B00006IW17,3||B00005R1JB,4||B000002TYK,5||B000069F5H,5||0385321961,5||B00003CWT6,5||B00004Z511,4||B000069K5I,5||
A12LFU2SX2ZEUY:26-0525944834,2||0312422156,3||0671040839,5||0743442849,1||1400046440,2||0060086106,1||006019779X,1||0374199698,3||0451201345,2||B00004UARR,5||0671040847,5||0743225910,5||1559277807,3||
A12M8W9J511D2O:28-060961097X,5||0792136926,5||6303457703,1||6300247465,5||1590860861,5||B00005RRG3,5||B00005RRG4,5||1590860888,5||0553250426,5||0930435273,5||6303146074,5||B00003CXAF,5||1590860896,5||0783229631,5||
A12MOYPCEJUGW6:22-0374100128,2||0385332998,3||0743510003,2||0679463046,3||1402524994,2||0151005729,5||0679450041,3||0618173870,2||0374129983,2||0393323595,3||0312282990,3||
A12N24S3ULG4TQ:24-B0000667J7,4||6305291489,4||B00005T30G,5||B00006673F,5||B00008976N,4||B00006HAYG,3||B00005T32S,5||B00007KK2K,5||1890228265,3||B00005JLEU,5||630575067X,4||6305750750,4||
A12NS3PI7S26V5:21-0375503374,5||0385472951,2||067976397X,5||0375759999,5||B00005A887,5||0375760008,5||0679437932,5||B0000520QE,5||0449002640,5||0440224764,2||
A12U0LXU9QXA6D:24-0736633707,5||1582790442,5||1859980139,5||0613161017,5||0440416132,5||0553213105,5||9626341041,5||055323370X,5||019254702X,5||0192833553,5||0679405429,5||0679601686,5||
A12UK48DE2IC8O:20-0743527062,3||0345348109,5||1565111761,5||067167854X,3||0808598104,5||0823219976,5||0394749138,5||6305972451,5||038529929X,5||0440224675,5||
A12VLDRXARVSGN:24-0694521337,3||0672313057,4||039332169X,5||0393048799,5||0672320355,4||0425184579,5||6305739870,5||0609802224,4||0061098019,3||0807209546,5||0399501487,5||1573226122,5||
A12YMDJ8V8AYHV:25-B00006HMPB,3||B00003CXA2,5||B00000IO3Y,2||B00003Q42P,2||078389502X,4||0553529005,4||6305587744,5||B000002JX7,5||0792140923,5||0671894455,5||084235266X,5||6305428239,2||0842356177,5||
A131LS2I7EQ0T1:26-0486406482,5||0553212737,5||0393960145,5||B00003CXI1,5||B00003CXI0,5||0060927208,5||067940581X,5||1565111702,5||0060927216,5||B000062TU1,5||0875965105,3||0140434151,5||B00006IRHA,5||
A138F1HT8KTEZE:23-B00000JQFG,4||B00005S8L8,5||B000002IUZ,4||B00004XR6H,5||B000002G3U,5||B000000WJU,2||B000088NSZ,5||0446608270,2||B0000027WF,5||B000002HLG,5||B00004GOVQ,1||B00005Y708,4||
A138XM8EA5OKO1:26-9626340428,5||039396647X,5||0192833987,5||0375402675,1||0684844419,5||0316289329,4||0375703241,1||0613222407,1||3895086908,5||0399143904,1||0375403477,1||0061096857,1||0425170349,1||
A139E64V73HTPX:23-0446605573,5||1575110458,3||B00007AJF9,5||6305358613,5||1590073983,3||0440212561,5||1590073991,3||0786197919,5||0385302304,5||0380798565,5||1558807381,5||0380798573,5||
A13C34ID6JWV6B:27-0860512347,4||0300065515,5||B00005YUP0,3||1884654029,5||6302730023,3||B00005ATQM,4||1570063222,4||B000002H6D,5||0395979854,5||6302737249,5||0895244195,5||0060954809,2||0671870742,1||0060195576,2||
A13EC8T5SYDNNM:28-0783894376,3||B000062XM7,5||6304286309,4||B000065U3Q,4||0345404475,4||188712876X,5||0808514121,5||B00004YTVH,5||B000069F5H,4||0618260587,5||B00003CWT6,4||B000067DNF,4||B00005221M,5||B000069K5I,4||
A13F575YYUTN9N:23-B00007H044,3||6304118414,2||B000056BQO,3||B00008978P,2||B000089RVU,4||B00001P4OQ,4||0780629167,4||B0000026JP,5||B00005R1Q5,5||B00005O5JV,4||B00005O5CM,4||
A13FHNEUDF4VK7:20-039304646X,5||6301694147,5||B00005NG0W,4||0070605637,5||B000069F5H,5||157409050X,3||006101351X,5||B000067DNF,5||0613187172,5||B000069K5I,5||
A13GIDVTNZQYHS:28-0789410680,4||6305730997,5||0767905288,5||B00005QW6V,5||080012412X,5||6302986109,5||B00005J74Q,5||6303002064,5||0767905296,5||B00005JKTP,5||B00005JKTO,5||0553712438,5||6304366035,5||B00005KA99,5||
A13HKU1XM8BZ5A:22-0451523814,5||0140390847,3||0743238028,4||0553213113,3||0142437247,3||0393972836,3||0679600108,3||0525947337,1||0520043545,3||0192832263,4||0451523253,4||
A13LHJM2JM220I:20-B00000JY7M,3||1558744630,5||B00003CLUP,5||1558744746,5||B000031XCR,5||B00000638E,5||081676526X,5||0816765278,5||1558746099,5||B00000IOOE,4||
A13M9XSQ4O6NLY:23-0679783261,5||1582790442,5||1859980139,5||0439101352,5||0486284735,5||9626341041,5||019254702X,5||0192833553,5||1578151236,5||0679601686,5||0393976041,5||
A13NBBS4XNYJJI:23-0140281630,5||0395974682,5||0618260250,5||0395595118,5||0618129014,5||1551113074,5||1559351209,5||0451526570,5||0679726101,2||0553212141,5||0618260242,5||0460874772,5||
A13OHP45RI5EYY:21-0395362903,5||0788789821,5||0345339681,5||088142269X,5||0689817851,5||0395177111,5||1565115511,5||061815082X,5||0440407125,5||0618002219,5||0395520215,5||
A13PJEG07SRNBQ:23-B00005ATGY,5||0395974682,5||0451458974,5||0618129022,5||B000069CWE,5||0140001115,5||1559351209,5||0440937582,5||0425104052,5||068983571X,5||0395193958,5||
A13RN9YABTYR8B:21-0345424654,5||0765303698,3||076530371X,4||0553584464,5||0765342855,4||0613278259,5||0812576357,5||034540856X,5||0765342111,5||006105142X,4||0441009425,4||
A13SE5S3XXORXT:25-B00006AVRM,5||0072127732,5||B000092Q46,4||0596002262,5||B00005TNWM,5||0072225645,5||1565922573,4||B000001ELP,3||1893224864,5||B000065DTF,3||0743222245,1||0744000890,4||
A13VU7UQ41NZEL:27-1892649039,5||B00006F7S3,5||1564558444,5||6303219551,4||1851681965,5||0962720917,5||B00005O3W4,5||1564558029,5||B0000073B3,4||0809138174,5||B000000PV9,5||B00004U9TM,5||B000005C2F,5||
A13XIJE8U53213:23-0790729628,5||B000028U3S,5||B00000ILDD,5||B00005ATQI,5||B00002970I,5||0790705141,5||6302732778,5||6305465568,5||B00000ILE5,5||6305842442,5||B00005V0XF,4||
A140OEKZEZ89D1:27-038795001X,5||0486654796,4||0763717088,5||0486655377,5||0486693872,2||048641454X,5||0387986391,4||0486653552,5||0486406830,5||047198633X,5||0486640698,5||0521337178,5||0805390219,3||0486671291,5||
A140T0E9G3798G:23-B000001E18,3||078578781X,3||1559276452,3||B00008VOQM,5||0553564943,3||B000069AUH,4||1565117077,4||B000050I5N,5||B00004YW6I,5||B00006B65K,4||1568951841,3||
A142U51DFKNGAD:26-B00005KBC0,5||0939173352,5||B000002LJZ,5||0786222735,5||0807220299,5||0613287142,5||0439420105,5||B000068ZVQ,5||B000050HSL,5||0439064864,5||0060925914,5||080728601X,5||0439567629,5||
A14324MB2ZUXCU:26-0310803063,4||0310201063,5||0802407684,5||0849915546,4||1881273563,4||0310219310,4||0553273345,3||0849940982,3||0802473563,4||0842342397,4||0310209072,4||0829737863,4||0849943620,4||
A144STUAPOWJZW:22-067976867X,2||0895263769,5||0679450777,2||0684809184,4||0684837366,5||0671027328,4||B00001QEOK,5||0140283560,4||0029138663,5||0425158632,1||0679457895,1||
A145221D4IA2XT:22-B000005JKW,5||B000002O5R,5||B00004W22B,4||B00006LPER,3||B00005JL57,1||B00006I4YZ,1||1592000118,4||B00006IUNM,1||0679777547,3||0122896319,3||B00000DR6I,5||
A146487IIYTMMA:24-B00002EQ6J,5||B00005NSV9,4||B00005AY6I,5||B000051Y31,3||B000056WUY,3||B00004SBV2,5||0761526528,2||B0000584UL,3||0375706437,5||B00005JXS7,5||B000056QFG,4||0761517685,5||
A14CMD19E6NMSA:23-B00000016V,4||B000056HUA,4||B00000K3PY,4||B00005J7VJ,5||B000002I2M,4||B000002I2N,4||6305846464,1||B00005NT2A,1||0465067107,2||6305846480,1||B00005TQ7C,1||0385267746,2||
A14F6VHRM9CNYW:20-0385327153,5||1853261394,5||0451521129,5||0679854673,5||0439295777,5||0448060302,5||155685045X,5||0486283666,5||0440413567,5||0140367411,5||
A14F9UBZRP874F:20-0395977894,5||0060393106,1||0874349842,5||0553529005,5||1586481738,5||0929173422,5||0802713661,5||0060934506,1||0393312844,2||0967812607,5||
A14GLWXJU4R4NJ:23-0609807250,5||0195216849,3||1574535366,5||0312853238,5||0609606352,5||0877479038,5||0812550706,5||0195219198,3||074350707X,5||0609809997,5||0785810730,4||0195218485,3||
A14L5P4TE5J1E9:20-0140257314,4||0316777722,3||0316776963,3||0312305060,5||0553714465,2||1591391261,4||1578512530,4||0553528602,2||0312243022,5||0316781010,1||
A14QO8GPVKUC3P:22-060960581X,5||059525070X,2||B000066F1S,3||B000002J25,5||B000095J1L,4||B00004U05A,2||B00005B36I,2||B00000K3GX,1||B000063CDU,5||B000065DTF,3||B000002MQ8,5||
A14R8MLNM9LT19:24-B000051S4O,5||B000050X6R,5||B00005LD1A,5||B000000OA6,5||B00000G1IL,5||B000000OBP,5||B00005LMJE,5||B00005A8IM,5||B00002ZMNN,5||B00005KAVP,4||B000051S4N,5||0609807013,5||
A14R9XMZVJ6INB:27-0553582224,5||0553562738,5||0743456173,1||0671521500,3||155166948X,3||0739304364,3||0915190737,4||0553103547,5||0425126064,4||0425121631,4||0312291639,3||0553714759,3||1551668238,5||0201590441,5||
A14RVP4U2NR8BJ:21-B00001ZUGJ,3||0806518561,5||B00004YTVH,5||B00005B9WV,5||B00000K2SE,3||B00005UW7V,5||B00004Z4UW,3||B000059RQQ,5||B00000HZVC,5||B000056MWX,5||
A14SI1I1LPG86M:20-037580255X,4||0061058742,5||080721969X,5||0061068217,5||0385730586,5||006009608X,4||0553487000,4||0385729340,5||0385729332,5||0439317142,5||
A14UPDELGKCWX2:21-0060937645,5||1565114574,5||0425166899,5||B0000645X5,5||0345440900,5||1565114582,5||0380718154,5||0761534040,5||0684849569,5||0060394064,5||
A14V63ENLFXZP8:20-0345427637,5||1565113713,4||044661095X,2||0891073906,5||0679463321,2||0891075976,5||0609605046,4||0891075275,5||0375503838,5||0842363726,5||
A14YVTQP8L5ZBI:27-0440228107,5||0441008658,5||0374362998,5||0590383892,5||0440972329,5||B00000J2KX,2||0060935456,5||0380002930,5||1565115864,5||0679986375,2||0064406962,5||0525466525,5||0698119509,5||0688131158,5||
A1509W76P8I6XB:25-B00000K373,5||B00001SICC,4||630575070X,4||6305750750,4||B00003CX5P,4||B00005QES3,5||B00006HBUJ,3||B00006HBUH,3||B00001R3HU,2||B0000640MU,5||B000066JE8,1||0375821813,3||
A150TN5FQOTWB4:24-0842343237,1||0842365516,1||0842316752,1||0842343245,1||0842329250,1||0842329129,1||0788751352,1||1556869177,1||0788749730,1||0788751263,1||0788752847,1||0788731246,1||
A155COSMWE755S:24-0767815718,5||078062582X,3||0800141326,1||0790749602,2||0767815688,5||076781326X,2||6305093024,2||B00001OWYY,1||0767817478,1||630516777X,2||6305123454,2||B00004WF29,5||
A155X7YLH76326:21-1565117808,1||0446611867,2||1586211773,2||1586211781,2||0590353403,4||0151008116,1||1565117794,1||0316909726,4||0375430830,2||0807281751,4||1587244225,1||
A1574L901177I9:28-B000003FH3,5||B000001GOZ,5||B00000GCA3,3||B000001GCE,5||B000002A2M,4||B0000029R4,5||B000001GGY,5||B000005J3B,5||B000001GLU,5||B00000HY88,4||B000003FHI,5||B0000041BQ,5||B00002DE2L,5||B000003CWJ,5||
A159U6QAL7SIXP:29-0140296131,3||0385333927,4||0440236673,4||076450715X,4||0694524069,2||0694524042,2||0446607339,2||0061032077,3||0345404114,5||0764504754,4||0385497466,4||0141800828,3||0679459618,3||0060196246,2||
A15A30ACCRGX8N:20-0833558927,5||0684853507,4||0679746048,3||0451167317,5||0060295236,4||0380724596,1||0802442366,5||0064472884,4||0060175532,5||0446608912,4||
A15D7YGN4DLWZG:24-B00000IP35,5||B000002S2R,5||B000001GOZ,5||B000001GG0,5||0156013304,4||B00000417P,5||B00005O83L,5||B00004S5BK,5||0788161857,5||B000001GQF,5||B000004CYT,5||0440508649,5||
A15FRN01LS8L1Y:27-B000065BW8,4||B000000OVQ,5||B00004W52U,5||B000002A69,5||B000003TA4,5||B00008H2LB,5||B00004XQP4,5||B00005NC4I,4||B000002NIH,5||B00006IJ5A,5||B00000DHRZ,5||B00000AG8K,4||B000083C6V,5||B00006JO4Q,1||