
A109VVAISTEUKY:25-B00008AJCH,3||0671695347,3||1587240068,3||0743520319,3||0553280406,2||0833508024,5||0743504224,5||1402505396,3||0743233387,3||0743225716,3||0970309902,5||0743520300,3||
A10AR58JCYQ4CF:20-0786913142,3||019286212X,3||0679441018,5||0061020710,5||0198503652,3||0786906456,3||0380015390,4||0786913886,2||0451935543,5||0553295098,5||
A10CKSSGT8W7LD:28-6305603847,4||B00005JKCH,5||B00002E285,4||B00006RU5B,5||B000000OVP,2||B0000025SC,3||0151001634,5||0790742802,1||6302814723,1||B000002U9Y,2||B0000897C9,4||B0000089A1,5||0553274503,5||6304561873,4||
A10D9PL1OEUIBF:23-0345448944,3||006103018X,5||0345448928,5||0312875827,5||1587889366,2||0671704184,5||0451456718,5||031287717X,4||0765341301,4||0312872380,1||0694526630,5||
A10E5VOFPVUN8F:26-B00008H2L0,5||0743527550,4||6305238065,5||B00000G1IL,1||B00000I4LU,5||B00000F1CY,5||B00000G3DX,5||6305003777,1||0375501371,4||0786884851,5||B000001EIA,5||034543479X,4||630358912X,5||
A10FIX216EST0J:22-B000062XN9,5||B00006HBUI,5||B00006HBUG,5||B00006HBUH,5||B00005RHGK,1||0783205945,5||B000063UV1,5||B000066C8G,4||B000062XHI,5||B000062XGJ,5||B00003CXPJ,4||
A10G0HIXMEORBT:25-0380727293,5||0060535539,5||006001203X,5||0446690686,5||0446528382,5||1586211722,5||078389502X,1||1590770021,5||1590070410,5||0060535520,5||0380803682,5||0694520012,5||
A10IRJDTSX46I0:21-9626340738,5||0486403491,5||0140390464,5||0553210793,5||1561004804,5||0486280616,5||0811468267,5||0192824414,5||067188803X,5||0312112254,5||
A10MDGCM61J4WB:25-0345428579,3||1574535285,1||0743242645,3||0765340054,1||0060197005,1||0061091944,1||0345340248,5||042517736X,1||0765300176,1||1587883341,1||0425158632,5||0613033361,5||
A10NG9VLEPYQAC:20-B000024QML,5||B000000HP6,5||B00000ICXK,4||0671579592,5||B00000JQWE,5||B00003CXO1,5||0792151712,5||0792152328,5||B00004W1OR,3||B00005J9M1,5||
A10O7DDP837COM:24-6305265488,5||6305265496,5||B00004U2HK,5||6303949436,5||0783230095,5||B000067JG3,5||0783231199,5||0783228597,5||B00006ZXSL,5||B00000K3CZ,5||B000053VC5,5||0800103661,5||
A10VK6TZYE5EDP:24-0316769177,3||0613181530,4||0786881879,5||0671877577,5||0786861037,5||0140077022,4||0815730713,5||1574882856,4||1572702095,5||0316769533,3||0425176517,5||0316769487,3||
A10WUME856PDHY:26-0940450550,5||0879801115,3||B000003GY6,5||0452011019,1||0521599628,5||1563891069,3||0394499735,1||B00004TAZ4,5||0140131558,2||1573920630,5||0679729453,1||0735609152,4||1563892480,5||
A10X5S2OJUCAX5:27-068812898X,5||0141800283,4||0688128971,5||1565114965,4||0385265700,4||0316601950,2||067088300X,4||0375409025,2||0788760440,4||0735302510,5||0375404783,2||067157647X,4||0375416811,2||0385319037,5||
A111O7WVYWK4RU:20-B00005KHKX,4||B00005KHJR,4||B00005KHL5,4||0613026993,4||0440418321,4||B00005LO5P,2||0679893105,4||B00004VVNB,2||6301971582,2||B00004Z4WX,5||
A116UAF7VAPQQO:27-B00005N5S5,4||6303391958,5||6304614209,2||B00005B238,5||B00000JGEH,4||B00000JGEF,5||B000062XGJ,5||6305079900,4||B00006AUIN,5||0780624394,5||B00004TQF7,5||1573625779,5||B00005221L,5||
A1174D8Q9S455C:23-B00000I660,1||B00003CXTG,3||B00005O892,3||B00000890F,5||B000001G0R,3||B000001G0Q,3||B000069F5H,2||B000065U3Q,2||B000002HYP,3||B00003CWT6,2||B00005Q3TZ,3||B000069K5I,2||
A117XVU2X9M5FK:22-0613222407,4||0399138250,3||0385497466,5||0425143325,3||0440236673,5||0375402675,4||0835910601,5||0425158632,4||0425170349,4||0375703241,4||0679457895,4||
A11A1GK50OOU7N:20-1573221112,3||155927557X,4||093917345X,4||1559275561,4||067104334X,4||0970565100,4||1878424505,3||0688002307,4||155927378X,4||0553277472,4||
A11HEM5O345OL3:21-0060234954,4||0064405044,4||B00006AULE,4||B000000E7U,4||156389470X,3||0060934719,3||B00006AUHU,4||0553525700,4||0380804557,3||B000069CFF,4||
A11I4QMFDBD871:27-B00005B51H,4||B000086B9M,5||1859847447,5||B00001QEON,4||B000005BAG,4||B000005BAI,5||B00005UE9F,4||B00004X0PS,4||B00005ABH6,5||B00005LNE0,4||B000066AI8,5||B000005IW8,4||B00005YUFK,4||B0000019UR,4||
A11J17A2HNP5FQ:25-9507310223,5||B000001FAL,4||B00005NW0K,5||3822868701,5||3822881643,4||3822881805,4||0140184937,4||3822874280,4||B000000WHX,5||B000002VL7,5||B000063166,5||630350986X,5||B00005JD5J,5||
A11JZYOPFMDGXW:26-0060935464,5||0767020294,4||076785344X,4||B00005V5MM,5||6305830878,4||B000060PCC,3||0878919465,5||0060194995,5||0446310786,5||1572701900,5||0764586009,5||0811825558,4||6305830940,4||
A11P29WHA7WZGH:22-B00003CWTI,3||B00003CWTH,3||6305358613,5||6305358567,5||B000002HLJ,4||B00005OW0D,1||6305610444,5||B00005T7IE,5||6305496056,1||B000021Y74,5||6305496048,1||
A11Q1TOB2RY3SG:21-B00005BJED,4||6301236947,5||6305073201,5||B00004Z0LW,5||B00005RD3W,5||6305134979,4||B000050I5N,5||B00003CWUX,4||630581001X,4||0780625129,5||6305302162,5||
A11QN5H4KETLTA:24-B000009EQE,5||B00002MIDO,5||B000000132,5||B0000641QG,5||B000002TYO,5||B00004TKYI,5||B000000OSA,5||B00003000F,5||B00005V93Q,5||B00005JGC8,5||B00004XSS2,5||B00004XSOJ,4||
A11R95S2X6RVB0:22-0679416463,4||B00004TCPF,5||0783227434,5||B00000FBRE,5||B000007OED,5||B00005OCK6,5||B00004RGC8,2||B00005QW4K,5||0446670111,4||B0000007RO,3||B0000007QM,5||
A11UHFQNPSICA2:27-6305600953,5||B00008V2VP,5||B0000714C5,5||0848724399,3||082122705X,5||0892046627,5||B000071ZZL,5||B00006BCA5,4||B00005JLBE,5||B00001ZTKL,4||B00005BKZQ,5||B000046S17,4||0896594076,5||6302728657,5||
A11ZO7P3F4W8DP:21-B00004T6UX,5||B000003RVR,5||B000060K0H,1||B000005HTX,4||B00004T6UZ,5||B00000DD0Z,3||B000005IRM,5||B000059MEL,4||B00005QC5J,2||B000059MEK,4||B000002VMN,5||
A1201GM4E66B4K:20-B00005JKE0,4||B00006AUI0,4||B00007AJGH,4||B00006FDA4,5||B00006FDF1,5||B00006JCFX,2||B00004XPPG,4||B00004XPQ6,4||6305531412,4||B00005V9K1,4||
A12093LRVB4E4X:24-0618129030,5||0441172717,5||0399128964,5||1556903219,5||0788789538,5||1565116674,5||1559949570,5||061826051X,5||0471250600,5||0618260269,5||0201558025,5||0618153985,5||
A1214BYO34I8MH:22-1565922573,5||0060175966,5||0671024256,5||B000001E8V,5||0684853523,5||0451169530,5||0672319241,5||0596002890,5||0694522430,5||0743204360,5||0743455967,5||
A121VV89TQDZAO:28-6305603847,4||0792846427,5||B00000ILDD,4||B00002E285,4||B00004WIBV,5||B000002UJQ,5||630533580X,3||6304509154,5||0790748207,4||B00005ASOH,4||B00003CX5A,5||0792833201,5||6304722273,4||B00004Z511,4||
A1221NBEVCAMB6:24-0618129030,5||0395489318,5||1556903219,5||0788789538,5||1565116674,5||0553714775,5||1565116682,4||0618153993,4||0618260269,5||0345339711,4||0395489334,4||0618260595,4||
A122J57TZCUX6:22-0142800104,2||0060536942,2||0060536977,2||0930435524,5||0451166892,5||0375408738,2||0452280109,5||0385424728,1||0142800090,2||0440220602,1||1590862910,5||
A1235ZFF8E35AI:25-0142302082,4||0590459546,5||0451458281,5||0618033777,4||0807205567,5||0590396552,3||0590395882,4||0590396439,4||0822596709,5||0060278250,2||0590396560,3||0064471837,5||0345352661,3||
A124S4SUN8KZON:22-0802130208,5||0486295672,2||0679724842,5||9626341157,2||0553212710,2||3895080969,2||0375756701,2||1561005932,2||0192833863,2||0486411095,2||0140434062,2||
A1293T0VU2YKKT:21-0310230063,5||0842316752,5||0842329110,5||0842329277,5||1576736008,5||0842336826,5||078875128X,5||0883687216,5||0788749730,5||0788751379,5||
A12GF59SMY5NT1:21-0939173344,5||B00006HBUJ,3||0590353403,5||089750089X,3||B00005YU1M,3||B000065U3Q,5||B00003CWT6,5||B000067DNF,5||0807281751,5||B000069K5I,5||
A12GVWRK7R9OSC:26-B000040OVH,5||0515131229,5||0060927267,5||B00006G8P0,5||034545930X,5||0345423291,4||1573229113,5||074322616X,5||0743465113,4||B000002LSP,5||0684873877,4||B0000029BG,4||B00005AB6I,5||
A12I0TDUSVEISA:23-1581306571,5||0808514520,5||0553450549,1||1883332494,1||0764585789,1||1883332761,1||0140071083,4||0061020001,5||0515134503,5||1572701137,5||0385043805,5||
A12I2VC7GL3WGP:22-B00006AG5A,4||B00005JLRT,3||0786918381,5||630563646X,5||B000009RXP,5||B00003L9AV,5||B00005MKMF,3||B00006AG59,4||B00006AG57,4||6302816262,5||B00003CXQM,3||
A12JOSPYGCN90V:26-B00003CX8J,3||B00003IE3N,5||B00006GO98,1||B00004Z4RS,3||B000006ZIE,5||0440219760,5||B000065U6P,5||B000078UJV,3||B00005QXXO,4||B000002UKS,5||B000067DNF,5||B00005IB2F,3||B00004XONN,4||
A12LFU2SX2ZEUY:26-0684873524,5||0451205936,2||B00008BNUJ,5||B00003CWM3,5||B00005UWCC,5||0609605836,2||014180226X,2||0060512466,1||0967460174,1||B00004UARS,5||0671787810,5||0684841436,5||0609808982,2||
A12M8W9J511D2O:28-0553250531,5||0609610988,5||B00004XMV5,5||6305495106,5||B00005JLHX,5||0375431802,5||1567404715,5||0517189186,5||1567404731,5||0930435222,5||0788812467,5||0783211694,5||0553381660,5||6302481791,5||
A12MOYPCEJUGW6:22-0375724508,3||0156013126,5||0783897677,2||1587881233,3||0393051064,4||0060529709,2||0312421273,2||0393049388,3||0743509994,2||1558612351,3||B00004XQP0,3||
A12N24S3ULG4TQ:24-6305177473,4||B00006673E,5||B00008G8P8,5||B00005T30H,5||B000068MAD,5||630575070X,4||B00005T32R,5||B00007KK2L,5||B00008G8P9,5||1890228257,3||B00005JLET,5||B00003CX5P,4||
A12NS3PI7S26V5:21-0375417206,5||0375417214,5||0553472836,2||0375758267,5||0553455532,2||B000068GGT,5||B000053U0B,3||0425184234,4||0006511317,5||0151006091,4||0380726238,5||
A12U0LXU9QXA6D:24-0679783261,5||0553560689,5||1561004847,5||0439101352,5||0553213776,4||0486284735,5||0140434267,5||0771099797,5||1572700556,5||0553264931,5||1578151236,5||0393976041,5||
A12UK48DE2IC8O:20-0394495179,5||0743527070,3||0553456636,5||0525945563,3||0385319673,3||1572700580,5||034540727X,5||0440206154,3||0345444124,5||0823219968,5||
A12VLDRXARVSGN:24-0440999197,5||0806628103,5||B00006GEXQ,5||0140283331,5||0764108212,5||B00005O06X,3||0425157180,5||B00005JL7Q,5||0881030317,5||0792840941,3||B00005NC64,2||0465024769,4||
A12YMDJ8V8AYHV:25-B00006HMPC,3||0785755705,5||B00006IUM2,3||0842322973,5||0395977894,4||B00007AJF8,2||B000002JX6,5||0815411634,3||6303402348,5||0800792491,5||6305465568,2||1568304331,5||
A131LS2I7EQ0T1:26-B00000JMKO,5||0613027698,5||0393972844,5||1561007218,5||8401423635,5||019283357X,5||9626340959,5||0613290038,5||B000062TU2,5||0060956933,5||B00004S51F,5||B00006IRHB,5||0451526279,5||
A138F1HT8KTEZE:23-B00005S8L7,5||B00006HAWV,5||B00005R1QH,5||1572304510,5||B000002G3V,5||B000002H3O,4||B000002G2P,5||B000002G2Q,5||0449906442,5||B0000025GP,4||B00004GOVO,1||
A138XM8EA5OKO1:26-1561580112,5||0393318885,5||020169946X,5||0553479431,5||962634542X,5||0854566260,5||0679600841,5||0140444173,5||1561584266,5||B00000G5W6,5||0451523261,5||0679750061,4||0833508113,5||
A139E64V73HTPX:23-1568957653,5||0553473298,5||0812550293,3||0445406518,5||6305358567,5||0886777313,5||0553714538,5||0613221583,3||0425099490,5||1568955979,5||B000063UR2,5||
A13C34ID6JWV6B:27-1570064164,4||0618087281,5||0306808080,5||0375702695,3||B00007986M,3||1570064555,4||B000002H6C,5||1570064199,4||068486407X,4||0684864061,4||B000002H97,4||B000002H98,4||0520205960,3||
A13EC8T5SYDNNM:28-B00000J123,4||0446601241,3||B00004YYXL,5||6303942830,5||0142000655,5||6300214567,4||B0000542DE,4||1570420521,4||B000065U6P,4||B000060O1R,5||0783895186,4||6304117302,5||B00001U0GQ,5||B0000542DA,4||
A13F575YYUTN9N:23-B00005OAIA,4||B0000560PU,3||B00005AXEL,5||B000002J2S,3||B000040OU2,4||0780629159,4||B000051YMR,2||B000002H5I,5||B000002H5J,5||B000002VGJ,3||B00004SVJD,3||B00005OAIE,3||
A13FHNEUDF4VK7:20-039304016X,5||037540421X,5||B000065U6P,5||034538623X,5||B000065U3Q,5||0071353933,5||0393050327,5||B00003CWT6,5||B00005Q66Z,5||0060977477,5||
A13GIDVTNZQYHS:28-B000001V4I,4||B00005JL78,5||0783111436,5||0553502689,5||B00000IBLO,5||B00005QWAI,5||B000059Z84,5||6304366043,5||0767812115,5||B00003CXOY,5||B00006LLJ4,5||B00005NGVU,5||6303459978,5||B00002NDKO,5||
A13HKU1XM8BZ5A:22-0192837400,5||1561005681,5||1569945055,3||9626340266,3||8408022261,3||0679405593,3||0192100416,3||0520045483,3||0812580400,4||0694520187,3||1568490801,5||
A13LHJM2JM220I:20-B000002C3C,5||0439154049,5||B000006NWW,5||0613217314,5||B000034CX0,5||B00001QGLB,5||B000001EW3,5||B00004RERW,5||B00000638D,5||1558744681,5||
A13M9XSQ4O6NLY:23-0736633707,5||1888952326,5||038542017X,3||1561004847,5||0553213105,5||0812523369,5||0140434267,5||1572700556,5||0679405429,5||0385420161,3||1892514877,3||082494089X,3||
A13NBBS4XNYJJI:23-0393037010,4||0393307050,4||0618129022,5||0486264645,5||0393955524,5||0312114915,5||0679428011,5||B00000083U,5||3829030037,5||0375405224,4||0395193958,5||
A13OHP45RI5EYY:21-0788789562,5||156511552X,5||0345445600,5||0671664581,5||8445071416,5||0618162216,5||0395071224,5||0618260307,5||0385326505,5||0395873460,5||
A13PJEG07SRNBQ:23-0345285549,5||0140366997,5||0618260250,5||B00006L7MV,5||0395595118,5||0808522655,5||0618129014,5||0808522450,5||014043786X,5||0486282147,5||0618260242,5||0451453328,5||
A13RN9YABTYR8B:21-055358443X,5||0441005667,2||0061020257,4||0756400910,4||0061053104,3||0812515285,5||046504428X,5||0312876882,5||0345395379,2||0441008356,4||
A13SE5S3XXORXT:25-B00008OWZG,1||0969584466,5||B000001FZP,5||1565928695,5||0471332291,3||B0000087XZ,5||B000066F1S,3||1884777864,3||0471390879,2||B000065DTE,3||0596002890,4||B000066HQC,4||0761537511,3||
A13VU7UQ41NZEL:27-0062505823,5||0939680009,5||B00005NHN3,5||0062517155,5||0520034147,5||1578631742,5||1564554074,5||B000002RA5,5||B00005A1EM,4||B00000JN9I,5||B000050HQN,5||0788815717,4||B000066IWN,5||0609800140,5||
A13XIJE8U53213:23-0783230508,4||B00003OOZO,4||B00005ATQJ,5||B000028U3R,5||6300182274,4||B00000IO3Y,5||6305363668,5||B00000J2KX,5||B00003Q42P,5||6304722273,5||6305428239,5||B00005V0XG,4||
A140OEKZEZ89D1:27-0486655369,5||0521446635,5||0387982353,5||3540762604,4||0471510041,4||0471406473,4||0521485231,5||0486404552,5||048665754X,5||0806986719,1||0471504025,5||0198534469,4||0486682935,3||
A140T0E9G3798G:23-6301236947,2||0312195516,3||0345340426,4||B00004Z0LW,5||0618002251,4||B000068QY7,4||0312169787,3||B000069AUI,4||B000050HSL,5||B000002TQV,3||B000022TT4,2||B000022TT6,2||
A142U51DFKNGAD:26-B00004Z0LW,5||0439064872,5||B000050I5N,5||0609609432,3||0807220280,5||0807281948,5||0892046082,5||043935806X,5||0807281913,5||0439203538,5||1892866161,5||0747545774,5||B00005KBBZ,5||
A14324MB2ZUXCU:26-0842335870,4||1881273628,4||0310229014,5||078520718X,2||0310205182,5||076241684X,4||0310205719,4||0849917492,4||0802407676,5||0849917735,5||1881273156,4||0310247888,4||0842328904,3||
A144STUAPOWJZW:22-0060391634,4||046508995X,5||0895263998,5||0060987197,4||0465053750,4||0312148232,5||076790303X,5||0679436960,1||0684825244,5||0761519645,3||0613033361,1||
A145221D4IA2XT:22-069107089X,2||8420483885,3||8495501007,3||B00006LPES,3||B00003CXF4,4||B00006JTEB,2||9681903862,3||1568582323,2||B00006LLLN,4||B00006FD9Y,1||B000069KHZ,2||
A146487IIYTMMA:24-B00000J28T,5||B000058DWH,4||B000003TBY,5||B00004TY8Y,5||B000003FQP,5||B000053UB0,4||B0000584XM,5||B00003OP0U,5||B00004T9VJ,5||B00000I8B1,5||B000000PIK,5||B00004VU0I,4||
A14CMD19E6NMSA:23-B00004WZOJ,1||0782123287,1||B00005IAMW,1||B0000026K9,2||B0000030MB,5||B00004WPAZ,5||B00000GV5X,5||B00004SU5J,5||0764532634,5||B00004XQP0,2||B000003GH8,5||
A14F6VHRM9CNYW:20-0848805844,5||0517189682,5||9626341238,5||0553153277,5||055321313X,5||0679444750,5||962634623X,5||0807206466,5||1561796255,5||0486410250,5||
A14F9UBZRP874F:20-078389502X,5||0060938455,5||0595163610,5||0915132176,5||0965919684,1||0738202274,5||0380808986,5||0142000159,5||1580083366,5||0965919609,1||
A14GLWXJU4R4NJ:23-0375756450,1||1574535145,5||4770020228,5||0812589041,5||0394555082,1||0312932081,5||0195212665,3||B000065V2W,1||0812933176,5||0765342294,5||0812524586,5||
A14L5P4TE5J1E9:20-0374172897,5||0393323528,2||1570428654,3||1586210661,3||0735101418,4||0736645209,5||0736657061,5||0375410058,1||0393020371,2||0316678104,1||
A14QO8GPVKUC3P:22-0929385225,3||B00008OLYN,5||B00004U059,5||B00005OAHX,1||B00006RINF,2||B0000931QA,5||B00005B36H,2||B000089RVX,3||B000065DTE,3||0609807986,5||B000001ESF,5||
A14R8MLNM9LT19:24-B000000OAC,5||B000056NMS,5||B00002Z77F,5||B00005OM4N,5||B00005J9VG,5||B000000OAN,5||B000000OBQ,5||B00005JKWM,5||B00003WGGC,5||6302859204,5||B00002ZMNO,5||B000067JDY,5||
A14R9XMZVJ6INB:27-0451165217,5||0312278586,3||0451402383,1||0553573403,5||0440223725,5||0671019767,2||1551666189,4||0060508108,5||0380807122,2||0553381687,5||0786242892,3||0449149080,5||0553576267,4||
A14RVP4U2NR8BJ:21-B00003CXXP,5||B00003CXXO,5||B000050XY8,3||B00000JY74,5||B00004YYXL,5||B00005NRND,5||B00003CXR4,5||B00003CXR3,5||B00004Z511,5||0380720027,1||B00004XONN,5||
A14SI1I1LPG86M:20-0439130352,4||0385908520,5||0439130263,4||0553493043,4||0553493604,4||0375811761,4||0807205893,5||0061066354,3||0807215619,4||0060096071,4||
A14UPDELGKCWX2:21-0425129438,1||0895261650,4||0761563733,5||0060520841,5||0345440757,5||0060950536,5||0786241683,5||0671693808,5||0684849577,5||0895261901,5||1402517599,5||
A14V63ENLFXZP8:20-0385502966,4||0471377902,5||1565113705,4||0786883219,4||0786863137,4||0345417526,3||0471404209,5||0842361723,5||0842361715,5||084237129X,5||
A14YVTQP8L5ZBI:27-0395895987,4||0440226848,5||068483605X,5||0790705141,2||0590383884,5||0399234667,5||B00005ATQJ,2||B00005ATQI,2||0679886370,2||1559352310,5||0141308109,5||0807205710,2||037582233X,2||
A1509W76P8I6XB:25-B0000667J7,4||0375921818,3||074351839X,5||1568955979,2||0312966091,5||B00004ST58,4||B00006HBUI,3||B00006HBUG,3||B00001R3HR,2||0380798565,2||630575067X,4||0684822652,5||B00004RIVZ,5||
A150TN5FQOTWB4:24-0842342702,1||0842317872,1||0842343334,1||0842329110,1||0788749722,1||0842329153,1||0842351752,1||0842357629,1||0842329137,1||0842354204,1||0842357610,1||0788751247,1||
A155COSMWE755S:24-B000005WSP,5||B00000JGHS,3||0553478915,5||1557833559,5||B0000636IV,5||B000006O86,1||6305487871,1||0767812646,2||6305468427,1||B00000IQVC,5||B00000I8B1,5||B0000560HC,5||
A155X7YLH76326:21-1586211765,2||158621179X,2||0446527785,2||0939173344,4||0316902284,4||0156027321,1||043936213X,4||0807281956,4||0786222727,4||0807286001,4||
A1574L901177I9:28-B0000026OK,5||B00003XAGO,5||B000003F11,5||B000007RYQ,5||B000001GF2,5||B000001GGZ,5||B00004SDNX,5||B000001GO3,5||B0000029XG,5||B000002RQC,5||B00001XDLL,3||B00000AFQC,3||B0000041K7,5||B0000026PQ,3||
A159U6QAL7SIXP:29-0553456644,4||0345413881,3||0375409726,4||0451204530,4||B00006G9KW,4||0060185805,3||0061030635,2||0141802855,4||1585673927,5||0525945636,4||B00007D040,3||0060008776,4||006018552X,3||0140284087,5||0553502417,4||
A15A30ACCRGX8N:20-0689826338,5||0689846185,5||0694525359,4||0671582348,4||067102423X,4||057120211X,3||0061097667,5||0141312815,5||0671043064,4||0786225955,3||
A15D7YGN4DLWZG:24-B00000AFQQ,5||B0000027ZT,5||0618257470,5||B000001G8B,5||B000001GM5,3||0028726138,5||B00000GCA3,5||0151006210,4||B0000013TH,5||B0000040VI,5||0534591043,5||B0000027ZW,5||
A15FRN01LS8L1Y:27-B00005U8H5,5||B00004SW60,5||B000000OVP,5||B000001IP0,5||B000003TA5,5||B00006V9A0,4||B00005ICAW,4||B00004W53Y,5||B000003TAW,4||B000003TAR,4||B000066AOA,4||B00006J6VG,1||B000051XVK,5||