0001047655:0061007145,1.0|0061013706,0.0|0061007129,-0.07658396
0001053736:0822005158,1.0|0198114869,1.0|0345277600,1.0
0001054600:0141439572,1.0|0764585061,1.0|0679600019,1.0|0375751513,1.0|0393955680,1.0|0192100319,1.0|0192833650,1.0|0192833650,1.0|0375751513,1.0|0393955680,1.0|0486278077,1.0|1561006742,1.0|0140437843,1.0|0486278077,1.0|0192100319,1.0|0679600019,1.0|0812567110,1.0|0140437843,1.0|0141439572,1.0|0670894958,1.0|0764585061,1.0|0812567110,1.0|1561006742,1.0|0808509845,0.94299036|0192833545,0.875|0060955708,0.875|0486287475,0.875|0140434186,0.875|0671014803,0.875|0140714839,0.875|0671722840,0.875|0679405437,0.875|1582790450,0.875|9626340630,0.875|0453007902,0.86258197|0553213105,0.80178374|0679405429,0.80178374|1582790442,0.80178374|0878910379,0.7905694|0694523607,0.7905694|0694523615,0.7905694|0140283293,0.7905694|0451526562,0.77174366|0679602089,0.77174366|1573226122,0.7644708|0764108212,0.7644708|0451526724,0.7637626|0192833677,0.7637626|0460874500,0.7637626|0140433988,0.7637626|1853262323,0.7637626|9626341106,0.7637626|0399501487,0.76175505|0788789562,0.6875|0395362903,0.6875|0395177111,0.6875|0395071224,0.6875|061815082X,0.6875|0618002219,0.6875|8445071416,0.6875|043935806X,0.56407607|0822206838,0.557086|0439567629,0.52816194|0807220299,0.52816194|0807220280,0.46625242|0679405798,0.46291006|0553213423,0.46291006|0316769487,0.4472136|0316769177,0.4472136|0808514032,0.4472136|0812034074,0.4472136|0679420266,0.34299716|0788789821,0.3363364|0345339681,0.3363364|0345445600,0.3363364|0395873460,0.3363364|0618162216,0.3363364|1565115511,0.3363364|088142269X,0.3363364|156511552X,0.3363364|0394743121,0.31622776|0679722769,0.31622776|0618260307,0.26726124|0395520215,0.26726124|0316769533,0.18463723|0679410430,0.17149858|0694520152,0.17149858|0140281622,0.10846523|0142000663,0.10846523|0140186409,0.10846523|0140868445,0.10846523|0822204754,0.10846523|0684801469,0.08347838|0684837889,0.08347838|0811201880,0.033407655|0486268764,0.0|076458569X,0.0|0679405593,0.0|0679601392,0.0|0694526266,0.0|0679601007,0.0|0764191004,0.0|0679600108,0.0|0451524934,0.0|0694526274,0.0|0521409039,0.0|0520043545,0.0|0140390847,0.0|0142437247,0.0|0453009158,0.0|0198320264,0.0|0439136369,0.0|0393972836,0.0|0520045483,0.0|0521294088,0.0|0553212478,0.0|0553213113,0.0|1551113082,0.0|0486415872,0.0|0439136350,0.0|0198319711,0.0|0694515833,0.0|0939173360,0.0|0886465427,0.0|0671722719,0.0|0694520187,0.0|0375507914,0.0|006017322X,0.0|1569945055,0.0|0140714685,0.0|0553212966,0.0|0060194995,0.0|0192100416,0.0|0553265954,0.0|087891014X,0.0|0345410017,0.0|1895837936,0.0|1903436214,0.0|B00005JKZU,0.0|B00005JKZV,0.0|B00009APK1,0.0|0679417397,0.0|0553211757,0.0|0754050858,0.0|0679437223,0.0|0684833395,0.0|0375407170,0.0|0679444653,0.0|078610239X,0.0|0786222743,0.0|0451527232,0.0|0807281751,0.0|0807286028,0.0|0807282324,0.0|0808514024,0.0|0807282316,0.0|0812035062,0.0|8408022261,0.0|1853262005,0.0|0899663680,0.0|630575070X,0.0|8423309835,0.0|9626340266,0.0|0812035739,0.0|6305750750,0.0|B000069K5I,0.0|B000065U3Q,0.0|B000067DNF,0.0|B000065U6P,0.0|0060929871,-0.033407655|0899664237,-0.033407655|1572700645,-0.033407655|0345409647,-0.11070186|0394498216,-0.11070186|0394556178,-0.11070186|B0000667J7,-0.1490712|0156027321,-0.16666667|0151008116,-0.16666667|1565117794,-0.16666667|630575067X,-0.18463723|0764586599,-0.19364917|0736644318,-0.19364917|043936213X,-0.20386739|0786222727,-0.20386739|0939173352,-0.24019223|0786222735,-0.24019223|9626340096,-0.24253562|0156012952,-0.25|0684800713,-0.25|0060933275,-0.25|0151047723,-0.25|0684830515,-0.25125945|0736621652,-0.25125945|0345342968,-0.26261288|0590353403,-0.28867513|0807281956,-0.28867513|0807286001,-0.28867513|0939173344,-0.28867513|0060935464,-0.29277003|067187036X,-0.30618623|0764586505,-0.30618623|0807281751,-0.33218193|0394533054,-0.3628027|0439203538,-0.375|0439420105,-0.375|0140445269,-0.375|0393096084,-0.375|0679420312,-0.375|0791036510,-0.4082483|1565117808,-0.4082483|1587244225,-0.4082483|0312863586,-0.4088149|0375756701,-0.4088149|0451523377,-0.4088149|0486411095,-0.4088149|0140434062,-0.4088149|0486295672,-0.4088149|0553212710,-0.4088149|1551111365,-0.4088149|0822215497,-0.4088149|1931056846,-0.4088149|1894003241,-0.4088149|1561005932,-0.4088149|3895080969,-0.4096614|9626341157,-0.4096614|0679720200,-0.41296807|1569945128,-0.44376016|0764586009,-0.4472136|0446310786,-0.4472136|157270036X,-0.4472136|0878919465,-0.4472136|1572701900,-0.4472136|0192833863,-0.4698715|0812523016,-0.4698715|156137301X,-0.47140452|0451526554,-0.61237246|0679420266,-0.64285713|0385504209,-0.6454972|0679734503,-0.6454972|0140449132,-0.6454972|055321330X,-0.74600387|0670888656,-0.80178374|0808509535,-0.80403024|0736629688,-0.80403024|0764586521,-0.80403024
0002000245:0006385648,1.0
0004722124:0007137214,1.0
0004723724:000472383X,1.0
000472383X:0004723724,1.0
0004724534:000712760X,1.0
0006375952:0142001007,1.0|0142001007,1.0
0006385621:1401900135,1.0
0006385648:0002000245,1.0
0006490603:0067575161,1.0|0067575161,0.0
0006510973:0375758585,1.0|0375758585,1.0
0006511317:0375759999,1.0|0375759999,1.0|0375503374,0.4082483|0375758585,0.3202563|0375760008,0.13483997
0007103999:0007121326,1.0|0007121326,1.0
0007121326:0007103999,1.0|0007103999,1.0
000712760X:0004724534,1.0
0007129998:1862041008,1.0
0007131089:1852309873,1.0
0007131151:1862042128,1.0
0007133235:1855381125,1.0|1855381125,1.0|087542791X,0.9355852|0875421180,-0.4601415|0875420508,-0.46625242
0007133715:1862041873,0.0|186204516X,0.0
0007137214:0004722124,1.0
0007140444:1862044791,1.0
0007141076:0007154615,1.0|0060098899,1.0|0060098899,1.0|0375421440,0.9698612|0375422412,0.96824586|0786241969,0.94672924|0553756141,0.94672924|140003065X,0.94672924|0375430857,0.9438798|1402524994,0.9432422|0375410546,0.91287094|0060529709,0.90352535|0618173870,0.8304548|0553527568,0.818923|0060188731,0.80178374|0739301721,0.7905694|0060188731,0.77174366|0375418849,0.77174366|0694525332,0.7592566|0375414819,0.74819005|0805063897,0.7333588|0060934417,0.73029673|0783897677,0.71025485|038549744X,0.6666667|0743529790,0.6445034|0786247924,0.62931675|0151008116,0.61237246|1575111144,0.56728166|038572179X,0.56728166|1575111136,0.56728166|1402511787,0.56728166|0743510003,0.54960424|0743509994,0.54960424|0374129983,0.54960424|0374100128,0.54960424|0312421273,0.54960424|0679432477,0.33709994|0739301047,0.25|0312291639,0.25|0553714759,0.25|0743508475,0.14990634|1565114973,0.11111111|1568951795,0.11111111|1565114965,0.11111111|1565117794,0.06565322|0739302043,0.045834925|1586214497,0.0|1586214489,0.0|0783884680,0.0|1559277807,0.0|1586214500,0.0|0375410198,0.0|037570910X,0.0|039592720X,0.0|1565117808,0.0|0374199698,0.0|0618101365,0.0|0312422156,0.0|0694524379,0.0|0375727132,0.0|0060959037,0.0|0060199660,0.0|0060199652,0.0|0375432302,-0.034826085|0739302043,-0.04682929|0553714988,-0.062439054|1587244225,-0.0877058|0316569321,-0.09068453|1410400816,-0.09068453|0375412824,-0.1028689|0739307312,-0.1407195|0452282152,-0.16666667|052594527X,-0.16666667|0679450041,-0.16666667|0312282990,-0.16666667|1587881233,-0.16666667|0788760440,-0.16666667|0375726403,-0.17066404|0694525596,-0.17066404|9500423715,-0.17066404|1402521154,-0.17545378|0786245972,-0.17545378|1568951868,-0.22222222|0375431659,-0.26352313|0375413634,-0.26352313|0385504209,-0.27888668|1402532903,-0.3083035|0385475721,-0.31622776|0316153915,-0.31755367|0316160466,-0.31755367|0679439382,-0.3202563|0553714031,-0.3202563|0345446860,-0.375|0375412530,-0.375|1567406106,-0.38924947|0060175400,-0.417365|1586212028,-0.48795003|158621201X,-0.48795003|1567404081,-0.5|0393046974,-0.52522576|0670032379,-0.5345225|0786232358,-0.57735026|0375727345,-0.57735026|0694525790,-0.57735026
0007145160:1855382253,1.0
0007154615:0060098899,1.0|0060098899,1.0|0007141076,1.0|0375421440,0.96800387|0140296409,0.9432422|1402524994,0.9432422|0385498802,0.91855866|0375726403,0.8910421|0694525596,0.8910421|0618101365,0.87734646|039592720X,0.87734646|1402511787,0.875|0618173870,0.83478385|0385475721,0.818923|0374129983,0.80403024|0312421273,0.80403024|0743510003,0.80403024|0553527568,0.8004987|0385720955,0.8004987|0739301721,0.7905694|140003065X,0.74819005|0375414819,0.74819005|0805063889,0.7333588|0805063897,0.7333588|0783897677,0.71025485|1565117794,0.70710677|0374100128,0.6839991|0743509994,0.6839991|0060529709,0.67936623|0743529790,0.6708204|0316096199,0.6708204|0694525332,0.6439209|0786247924,0.62931675|0060188731,0.62931675|0060934417,0.627495|0374199698,0.60705364|0345446860,0.56717825|0375431187,0.5493992|0375418830,0.5493992|0375412530,0.5493992|0375418849,0.5493992|1575111144,0.5424391|1575111136,0.5424391|038572179X,0.4551111|0679432477,0.33709994|9500423715,0.33554673|0739304364,0.25|0312291639,0.25|0739301047,0.25|0375502238,0.25|0375431845,0.25|037541178X,0.24584459|0345420748,0.24584459|074320395X,0.2182179|0743203968,0.2182179|0743418174,0.14990634|0743508475,0.14990634|1568951795,0.11111111|1565114973,0.11111111|1565114965,0.11111111|0788760440,0.11111111|052594527X,0.11111111|055352853X,0.11111111|0316168688,0.10206208|0151008116,0.06565322|1587244225,0.0|1565117808,0.0|0060199652,0.0|0060199660,0.0|0375727132,0.0|037570910X,0.0|1559277807,0.0|0375410198,0.0|0375420525,0.0|0553714988,0.0|0060175400,0.0|0312422156,0.0|0375432302,-0.034826085|1410400816,-0.09068453|0316569321,-0.09068453|0375412824,-0.11043153|1587881233,-0.16666667|0312282990,-0.16666667|1402532903,-0.19553848|0786245972,-0.19553848|1402521154,-0.22188008|1568951868,-0.22222222|0452282152,-0.22222222|0375712925,-0.26352313|0739307312,-0.2690691|1586214489,-0.31755367|1586214497,-0.31755367|0316153915,-0.31755367|0316160466,-0.31755367|0694525596,-0.3227486|0375726403,-0.3227486|1402511787,-0.325|0739302043,-0.34585723|0385504209,-0.34585723|0060930535,-0.38729835|1567406106,-0.38924947|1565116925,-0.42389563|0743237196,-0.42389563|0743237188,-0.42389563|1586212036,-0.48795003|158621201X,-0.48795003|1586212028,-0.48795003|0316154059,-0.48795003|0446611611,-0.48795003|0670894605,-0.5345225|0670032379,-0.5345225|0316969443,-0.5699704|0679439382,-0.7258301
0007160003:0722540302,1.0
0020218079:0805210571,1.0|0684800705,1.0|0805210571,1.0
0020306652:1582613109,1.0|097091170X,1.0|1582613109,1.0|097091170X,1.0|0743525485,0.18633899|0684813637,0.18633899|0786236523,0.18633899
0020315910:1400030102,1.0
0020415133:0689841590,1.0|0689841590,1.0
0020425651:043935806X,-0.375|0807220299,-0.375
0020427115:0027183602,1.0
0020427859:0613300823,1.0|0613300823,1.0|0689852002,1.0|0807204803,1.0|0689840357,1.0|0689852002,1.0|0807204803,1.0|0689500297,0.9438798|0807262080,0.49009803|0689303173,0.43355498|0689829833,0.43355498|0689711522,0.0|080728274X,-0.057459034
0020430701:0689813198,1.0|0938971646,1.0|0027351904,0.0
0020430906:0027353907,1.0
0020434901:068971694X,1.0|0689830742,1.0
0020435207:0027425002,1.0
0020449313:0689846231,1.0|0684184613,1.0|0684184613,1.0|0689846231,1.0
0020452705:0689713916,1.0|0027860302,1.0|0553478877,1.0|0027860302,1.0|0689713916,1.0|0553478877,1.0
0020453701:0688178235,1.0
0023001402:0879753773,1.0
0023030852:0132573210,1.0
0023074906:013021339X,1.0
0023493313:0130610704,1.0
0023502517:0130334944,1.0|013017601X,0.0|0130553913,0.0
002367170X:0521558182,0.0
0023734809:1579101801,1.0
0023895306:0872204642,1.0|0486400964,1.0|019283407X,1.0|0854566260,0.0|0192833987,0.0|039396647X,0.0|0451523261,0.0|0553479431,0.0|0679600841,0.0|0833508113,0.0|962634542X,0.0|3895086908,0.0|0872204642,0.0
0023956704:0915144417,1.0|019875163X,1.0|087220605X,1.0
0024096903:0879753366,1.0|0140432078,1.0|0553214144,1.0|0486421309,1.0|0486421309,1.0|0140432078,1.0|0879753366,1.0|0451527100,0.375|1859848982,0.375|0140444785,0.375|0882862359,0.0|0192834371,0.0|088295055X,0.0|0553214063,0.0|0393956164,0.0|0140447571,0.0|0873481402,0.0
0025196359:0312956649,1.0|0312956649,1.0
0025236601:0306807572,-0.375
0025534408:0130127310,0.0|0130979988,0.0
0026045702:0762408413,1.0|0762408413,1.0|0452279232,1.0|0452279151,1.0|0452279151,1.0|0671317083,1.0|0684818701,0.0
002615000X:0764525166,1.0
0026682788:002838699X,1.0
0027077616:0380718057,1.0
0027081400:0689803818,1.0
0027110303:0671695304,1.0|0881031836,1.0|0671695304,1.0|0881031836,1.0|0807278599,0.43082023|0380814021,0.0|0807204315,0.0|0440226430,-0.051571064|0671582453,-0.09685486|0385324057,-0.10524336|0671693816,-0.16666667|0671664581,-0.225913|0807281751,-0.28504387|0807281956,-0.5345225
002711080X:0440984696,1.0
0027110907:0440486599,1.0|0807206997,1.0|088103178X,1.0|0807206997,1.0|088103178X,1.0
0027111008:0808552864,0.0|0440409675,0.0
0027116905:0440428130,1.0|0881031798,1.0
0027136701:0689815212,1.0|0689713703,1.0|0590373595,1.0|0590373595,1.0|0689713703,1.0|0689815212,1.0|080728162X,0.0
002717350X:078577680X,1.0|0689809301,1.0|068980623X,1.0
0027183602:0020427115,1.0
0027197107:0689714335,1.0
0027229807:0590373625,1.0|0590373625,1.0|059042792X,1.0|1883332192,1.0|1883332559,1.0|1883332192,1.0
0027348407:0689822847,1.0|0966856767,1.0|0689817169,1.0
0027351904:0938971646,1.0|0689813198,1.0|0020430701,0.0
0027353907:0020430906,1.0
0027355403:0689839707,1.0
0027375854:0517100371,1.0
0027424707:0689716958,1.0
0027425002:0020435207,1.0
0027436225:0786228474,1.0|0689714920,1.0|0689714920,1.0|0786228474,1.0
0027436292:055347829X,1.0|0689714866,1.0|055347829X,1.0
002750140X:0689715714,1.0|0689715714,1.0
0027594556:0553265954,1.0|0486264726,1.0|0140283331,1.0|0670867969,1.0|0670869856,1.0|0140366695,1.0|0448060272,1.0|0140366695,1.0|0486264726,1.0|0679880704,1.0|0743506340,1.0|0448060272,1.0|0517205769,1.0|0192833898,1.0|0812504321,1.0|1587886022,1.0|0807209546,1.0|0808576364,1.0|1561004812,1.0|0881030317,1.0|0812504321,1.0|0679409998,0.8187233|0460875280,0.8187233|0486299309,0.8187233|0670878014,0.8187233|0192834878,0.8187233|0195149017,0.8187233|0192833669,0.8187233|9626340037,0.8187233|0521587026,0.8134892|0486282112,0.8134892|0451527712,0.8134892|0486415627,0.8134892|031219126X,0.8134892|0140433627,0.8134892|1565112210,0.6454972|0671575546,0.61237246|0140155031,0.61237246|0486284727,0.61237246|0375504524,0.61237246|0671575538,0.61237246|9626340703,0.61237246|1551113058,0.61237246|0886463432,0.61237246|193014248X,0.61237246|0451525442,0.60048056|0791045668,0.60048056|0764108212,0.5477226|0345339681,0.49009803|0618162216,0.49009803|0345445600,0.49009803|0788789821,0.49009803|0618002219,0.49009803|0395873460,0.49009803|088142269X,0.49009803|0395520215,0.44172612|061815082X,0.44172612|0395177111,0.44172612|0618260307,0.44172612|0486280500,0.438529|0671015389,0.438529|0440237688,0.43082023|055347359X,0.43082023|080726203X,0.43082023|0807286095,0.43082023|0140283285,0.4225771|0141305398,0.4082483|0451526341,0.4082483|0399501487,0.4082483|048626968X,0.4082483|0764108190,0.4082483|0736605673,0.4082483|0786105178,0.4082483|1577658108,0.4082483|0679405372,0.3317444|1853260916,0.3317444|0140189424,0.32732683|0694523615,0.29880714|0878910379,0.17799766|0670874787,0.17799766|0140042598,0.17799766|0694523607,0.17799766|0453008305,0.17799766|0899664237,0.13483997|0140186557,0.125|0486282694,0.125|0060010258,0.125|0395796776,0.09128709|0764586696,0.09128709|0679420398,0.09128709|0786119241,0.09128709|055321439X,0.08006407|0140247750,0.0|0140868445,0.0|0670867969,0.0|0142000663,0.0|0140281622,0.0|0808514571,0.0|0822204754,0.0|0812034139,0.0|0030234573,-0.029411765|0521402301,-0.029411765|0791036510,-0.029411765|185326041X,-0.029411765|0945353413,-0.029411765|0899662994,-0.13363062|0440180295,-0.2182179|0385333846,-0.2182179|1573226122,-0.24019223|0684800713,-0.2722072|0385312083,-0.31622776|0899663680,-0.34299716|8423309835,-0.34299716|0316769533,-0.3891559|0808514032,-0.3891559|0679420266,-0.4082483|0679720200,-0.4082483|0736621652,-0.41739193|0679601392,-0.56011206|0679732764,-0.56011206|0375507914,-0.56011206|0316769177,-0.5609756
002765415X:0689812191,1.0
0027749002:0689712936,1.0
0027814904:0785736379,1.0|0689718101,1.0
0027822508:0590433504,1.0
002782683X:0689801297,1.0|0788725238,1.0
0027860159:0689718721,1.0
0027860302:0553478877,1.0|0020452705,1.0|0553478877,1.0|0020452705,1.0|0689713916,1.0|0689713916,1.0
0027888355:0689846177,1.0|1931056382,1.0
0028018591:0070048002,1.0
0028040465:0028040481,1.0|0028040473,1.0
0028040473:0028040465,1.0|0028040481,1.0
0028040481:0028040465,1.0|0028040473,1.0
0028248465:0028253264,1.0|0028248589,1.0
0028248589:0028248465,1.0|0028253264,1.0
0028253264:0028248589,1.0|0028248465,1.0
002838699X:0026682788,1.0
0028485009:0521357306,1.0|0460873563,1.0
0028608380:0785808736,1.0
0028610105:0764562584,1.0|0764562584,1.0|0936184388,0.26726124
0028612922:1574531050,0.0
0028616952:076890711X,1.0
0028617363:0028641825,1.0
0028618521:0764564072,1.0
0028619404:0028633504,1.0
0028619498:0028639707,1.0
002861979X:0028638883,1.0
0028619811:0028643380,1.0
0028620585:1550139770,1.0
0028621328:1579121047,1.0
0028621697:0786868465,1.0
0028622189:0764540467,1.0
002862260X:0028630092,1.0|0028630246,1.0
0028622847:0028637356,1.0|0768911737,1.0
002862288X:0028636805,1.0|0028636805,1.0
0028623924:0028639197,1.0
0028624157:0028643747,1.0
0028624165:0028642589,1.0
0028624491:002863716X,1.0
0028624645:0768907829,1.0
0028626125:0764566857,1.0
0028626958:0764565168,0.0|0761125493,-0.24253562|1563058758,-0.28867513|0671021761,-0.35675302|0671524313,-0.40046692|0886464501,-0.41513905
0028627288:0028643828,1.0
0028628225:0768906326,1.0
0028628896:0764565796,1.0
0028629027:0028643763,1.0
0028629078:0028644417,1.0
0028629434:0028642635,1.0
0028629582:0028637178,1.0
0028629604:0764565230,1.0
0028630092:0028630246,1.0|002862260X,1.0
0028630246:0028630092,1.0|002862260X,1.0
0028630440:0028637925,1.0|0764564161,1.0|0764566318,1.0
0028630459:0764564544,1.0
0028630599:0764562142,1.0
0028630955:0764564455,0.0
0028630963:0764564498,1.0
0028631056:0028643399,1.0
0028631188:0028631218,1.0|0613495365,1.0|0028631196,1.0|002863120X,1.0|002863120X,1.0|0028631218,1.0|0028634713,1.0|0613495365,1.0
0028631196:0028631218,1.0|0028634713,1.0|002863120X,1.0|0028631188,1.0|0613495365,1.0|0613495365,1.0
002863120X:0028634713,1.0|0613495365,1.0|0028631196,1.0|0028631188,1.0|0028634713,1.0|0613495365,1.0|0028631188,1.0|0028631218,1.0
0028631218:0028634713,1.0|0613495365,1.0|0613495365,1.0|0028631188,1.0|0028631188,1.0|0028634713,1.0|0028631196,1.0|002863120X,1.0
0028631412:0764566539,1.0
0028631536:0764565508,1.0
0028632443:0028634594,1.0
0028632613:0028644107,1.0|0028644107,1.0|097129450X,1.0|0971294518,1.0
0028632753:0764564439,1.0
0028633504:0028619404,1.0
0028633822:0028643186,1.0
0028634527:0764565540,1.0
0028634594:0028632443,1.0
0028634713:002863120X,1.0|0028631218,1.0|002863120X,1.0|0613495365,1.0|0028631196,1.0|0028631188,1.0|0028631218,1.0
002863490X:0764565516,1.0
0028635264:0764565036,1.0
0028635434:0768908477,1.0
0028635450:0768911745,1.0
0028635981:0764565621,1.0
0028636368:0028643879,1.0
0028636406:0028643720,1.0
0028636651:1570429596,0.9224101|1586210912,0.9224101
0028636805:002862288X,1.0|002862288X,1.0
002863716X:0028624491,1.0|0764565176,0.4
0028637178:0028629582,1.0
0028637267:0764566059,1.0|0764564153,1.0
0028637275:0764526316,1.0|0764564218,1.0|0764566040,1.0|0764566040,1.0|0764564218,1.0|0764526316,1.0|043936213X,0.0|0786222727,0.0|0807281751,0.0|0786853395,-0.068041384|0786853174,-0.3227486|0966899415,-0.32732683|0439139597,-0.38729835|0439139600,-0.38729835|0786229276,-0.38729835|0939173379,-0.38729835
0028637283:0764564226,1.0|0764564226,1.0|0764566032,1.0
0028637356:0768911737,1.0|0028622847,1.0
0028637801:0764564064,1.0|0764566172,1.0
002863781X:0764564056,1.0|0764566202,1.0
0028637895:0764565648,1.0
0028637917:0764565680,1.0
0028637925:0764564161,1.0|0764566318,1.0|0764564161,1.0|0028630440,1.0
0028637941:0764564609,1.0
0028638506:0028644646,1.0
0028638522:0764564188,1.0|0764566482,1.0
002863862X:0764564943,1.0
0028638735:0764564382,1.0|0764566598,1.0
0028638743:0764565133,1.0|076456675X,1.0
0028638778:0764564374,1.0|076456658X,1.0
0028638786:0764565079,1.0|0764566741,1.0
0028638883:002861979X,1.0
0028639197:0028623924,1.0
0028639456:0875421180,0.583728|0875421849,-0.13363062|0875420508,-0.29277003|0062516329,-0.32732683
0028639707:0028619498,1.0
0028641825:0028617363,1.0|0553263153,0.92015755
002864235X:0789721090,1.0|0028644530,1.0
0028642449:0028649249,1.0
0028642457:1567615309,1.0
0028642589:0028624165,1.0
0028642635:0028629434,1.0
0028642643:1893634108,1.0
0028642651:0970565208,1.0
002864316X:0789722569,1.0
0028643186:0028633822,1.0
0028643380:0028619811,1.0
0028643399:0028631056,1.0
0028643518:0534574335,0.0
0028643720:0028636406,1.0
0028643747:0028624157,1.0
0028643763:0028629027,1.0
0028643828:0028627288,1.0
0028643879:0028636368,1.0
0028644107:0345461924,1.0|0195151747,1.0|0028632613,1.0|0028632613,1.0|097129450X,1.0|0971294518,1.0
0028644417:0028629078,1.0
0028644530:002864235X,1.0|0789721090,1.0
0028644646:0028638506,1.0
0028646851:0028650646,1.0
0028649249:0028642449,1.0
0028650646:0028646851,1.0
002872660X:0534255353,1.0
0028740483:0684855313,1.0
0028740637:066916559X,1.0|066916559X,0.0
0028811259:1574882988,1.0|1574882988,0.0
0029192358:0452272742,1.0|0452272742,1.0
0029197953:0684823136,1.0
0029280451:0684831791,1.0
003018083X:0030326214,1.0
003018682X:015508481X,1.0
0030209730:0030317169,1.0
0030210291:0030329922,1.0|0030233674,1.0|0030329310,1.0|0030233682,1.0|0030243998,1.0
0030211131:0030352711,1.0
0030212146:0030212294,1.0
0030212294:0030212146,1.0
0030212839:0030343984,1.0|0030257794,1.0
0030221145:0073031208,1.0
0030223180:0030973694,1.0|0030226325,1.0
0030226325:0030973694,1.0|0030223180,1.0
0030233674:0030233682,1.0|0030329922,1.0|0030329310,1.0|0030243998,1.0|0030210291,1.0
0030233682:0030329310,1.0|0030243998,1.0|0030233674,1.0|0030329922,1.0|0030210291,1.0
0030234573:0553577123,1.0|067188803X,1.0|0140180923,1.0|0060956941,1.0|0140447520,1.0|0140449159,1.0|0192833979,1.0|0670894605,1.0|0375726403,1.0|0380973839,1.0|0393962202,1.0|0393096084,1.0|0192100254,1.0|0674992911,1.0|0451527461,1.0|0385473788,1.0|0521402301,1.0|0679410449,1.0|0684801523,1.0|0684830426,1.0|0743508394,1.0|0791036510,1.0|0872203174,1.0|0872203883,1.0|0879753447,1.0|0945353413,1.0|185326041X,1.0|1853267759,1.0|9500423715,1.0|9626340118,1.0|962634511X,1.0|019283357X,1.0|0786221860,1.0|0393960145,1.0|0486406482,1.0|0393972844,1.0|0679455132,1.0|0739301829,1.0|0060956933,1.0|0521402301,1.0|0679600116,1.0|0440419468,1.0|0451526279,1.0|0425104052,1.0|014043786X,1.0|0060929790,1.0|0553211897,1.0|0684830426,1.0|0553212737,1.0|0060652934,1.0|0684801523,1.0|0553213415,1.0|0553278223,1.0|1561001147,1.0|B00003CXA6,1.0|B00000JS61,1.0|B00000JS63,1.0|1565111702,1.0|3895082104,1.0|B00000JS62,1.0|B00004RF96,1.0|6302548748,1.0|6305123659,1.0|1558908242,1.0|B00003OSTI,1.0|0945353413,1.0|0812504224,1.0|185326041X,1.0|6305123616,1.0|0812544048,1.0|B00003OSTJ,1.0|9626341785,1.0|9626341513,1.0|B00005LOKQ,0.96832967|B00003CXC3,0.96824586|0140283277,0.9647638|0671027379,0.9583727|0671027387,0.9583727|B00005JKCH,0.9583727|0679405852,0.95478594|0486404277,0.95478594|0192100343,0.9543603|0192545116,0.9534626|B00005AUJQ,0.9517337|0192833596,0.9505864|1561007846,0.9505864|1853260045,0.9505864|3829029683,0.9505864|0553213423,0.9475593|0140283323,0.9459459|0300064020,0.9456109|0521349931,0.9456109|1404314784,0.9456109|0451527348,0.9444444|B00005LKI2,0.9444444|6303953425,0.9444444|0684830515,0.94370145|0380002930,0.9432422|0226500438,0.9354144|0486272745,0.9285714|0300064039,0.9285714|0521342406,0.9285714|0553212788,0.9285714|0881334448,0.9285714|0957886896,0.9285714|0872203166,0.9285714|0140185224,0.9258201|0694515841,0.9258201|0671722751,0.9258201|0451526775,0.9258201|0791041360,0.9258201|0553473530,0.9258201|0808563319,0.9258201|1557832900,0.9258201|0786100796,0.91914505|0226500446,0.91914505|0451525566,0.91855866|0553212982,0.91855866|0613172973,0.91855866|0736623892,0.91855866|0803718993,0.91855866|B00008975Z,0.91855866|B000069K6M,0.91855866|6304490100,0.91855866|0142000655,0.91287094|0808514121,0.91287094|0553212478,0.91018206|0375507949,0.906103|0671015389,0.9058216|0679728899,0.9058216|0486280500,0.9047619|B00006HAWQ,0.90251046|630395345X,0.8976656|0486403491,0.8927823|059043389X,0.8927823|0553210793,0.8927823|B000068DBC,0.891515|0393966402,0.8907363|0312114915,0.89043826|0679420312,0.8858796|0140445269,0.8858796|0802131786,0.8856149|0679729518,0.8846517|069452008X,0.8838835|0060928336,0.8838835|0192100351,0.8824975|0393966429,0.8824975|1853262714,0.8824975|0140184961,0.88235295|9626340738,0.8811039|0618002251,0.8807048|0453008305,0.8807048|0394442067,0.8783101|0694520152,0.8783101|0060114185,0.877058|0072434236,0.877058|0192834967,0.8766556|B00005LINE,0.875|0345339711,0.875|0679410449,0.875|0140447520,0.875|0140449159,0.875|0618002235,0.875|0743504739,0.875|0743504747,0.875|1565116682,0.875|1565117077,0.875|6304176325,0.875|B00005LKLD,0.875|B00005LL26,0.875|0393962202,0.875|0192833979,0.875|0788789546,0.875|0451527461,0.875|0618153993,0.875|0618260595,0.875|0879753447,0.875|0872203174,0.875|0828810761,0.875|1853267759,0.875|0060955228,0.8743829|0140283285,0.8728716|0671722727,0.86859906|0486280586,0.86859906|0521466970,0.86859906|0812036379,0.86859906|0198319770,0.86859906|0451526937,0.86859906|0553472720,0.86859906|0553455389,0.86859906|0694520136,0.86853933|078381609X,0.86853933|1561004804,0.86853933|0811468267,0.86853933|1590400151,0.86640024|0805062971,0.8660254|0679410031,0.85901016|1586634747,0.8589844|B000062XM3,0.85845256|0393966356,0.8513129|0140186832,0.8452979|0451527666,0.8445313|0486266907,0.8445313|0521645298,0.8445313|193105679X,0.8445313|0898459524,0.84403723|B000067J1H,0.8432556|0140390464,0.84270096|0312112254,0.84270096|067188803X,0.83666|0812504224,0.83666|1561001147,0.83666|3895082104,0.83666|1853260916,0.8365019|0684801221,0.8353195|0140281630,0.8304548|0385474547,0.8300574|1586634070,0.8300574|0486280616,0.828534|0553212141,0.8206518|0679428011,0.8198916|0684830493,0.8189255|0435905252,0.8164966|0553212168,0.81373346|1578151155,0.81373346|0393092143,0.8120845|0679722769,0.8118563|0679405372,0.8115027|0375759506,0.81009257|0451524209,0.81009257|0192824414,0.8097763|0451526503,0.8097763|039598078X,0.8097763|1565112210,0.80687153|0811202925,0.80403024|081120068X,0.80403024|1400001293,0.80403024|014044615X,0.80178374|0613171527,0.80178374|0679601996,0.80178374|9626340398,0.80178374|0192833952,0.80178374|0375410546,0.80178374|038533348X,0.80178374|0684830485,0.80178374|6305368147,0.80178374|6305368139,0.80178374|6305368171,0.80178374|B000002UAT,0.80064076|B000002UAV,0.80064076|0151907374,0.8002381|0156907399,0.8002381|B00005QJEF,0.8|0140445277,0.7969028|B00003W8NM,0.79202664|0694515833,0.7905694|0460872931,0.7905694|0198320264,0.7905694|0486270629,0.7905694|0521294088,0.7905694|0886465427,0.7905694|1903436214,0.7905694|076458569X,0.7905694|0553212966,0.7905694|0807220280,0.7905694|0140281649,0.789542|0375400699,0.789542|074350691X,0.78446454|0399133453,0.78446454|0393312836,0.78336|0553212451,0.7808688|0192835122,0.7745967|0679724761,0.7745967|1566632269,0.7745967|1404327541,0.7745967|1586634593,0.7745967|0553502751,0.7730207|0375418830,0.77174366|0375418849,0.77174366|0375431187,0.77174366|0694525790,0.77174366|1551113074,0.76840764|1568495110,0.7644708|019254702X,0.7637626|078619815X,0.7637626|0899664237,0.7637626|0684852764,0.7637626|0822002264,0.7637626|0802137954,0.7607258|B00003CXXP,0.7592566|0451521951,0.7592566|0394743121,0.7572402|0783892675,0.7567859|067940581X,0.75|0812565681,0.75|962634539X,0.75|0140434151,0.75|0553213504,0.75|0807286001,0.7478784|1569945128,0.74672866|044023722X,0.74535596|0486282694,0.74535596|1561007447,0.74535596|0395977894,0.74535596|0140186557,0.74535596|055321439X,0.74535596|0808581945,0.74535596|0451526740,0.7447795|0736621652,0.73424965|0679732764,0.73333335|9626340118,0.73318577|962634511X,0.73318577|0684800713,0.7320703|0316739928,0.73029673|0571191290,0.73029673|0679600116,0.72886896|B00008YLV2,0.7250185|B00000F3KL,0.7250185|0679455132,0.72339827|043935806X,0.72027713|0140186522,0.7156987|3829030037,0.7156987|0394743121,0.71549666|055352559X,0.71151245|0316769487,0.7108736|0573011087,0.7092994|B000065U4D,0.7083333|0553529005,0.70710677|0486406504,0.70710677|0671894455,0.70710677|0792140923,0.70710677|0886461898,0.70710677|1883332494,0.70710677|0440224675,0.7058866|038529929X,0.7058866|0812034074,0.70372564|0451524497,0.7022602|0451528611,0.7022602|1551113074,0.69823796|0679405712,0.6956083|0140186425,0.6956083|0142000671,0.6956083|0670894788,0.6956083|067978330X,0.6956083|0881030376,0.6956083|1570627215,0.6956083|1854592866,0.6956083|0140434941,0.6956083|0807281751,0.6948083|0142000272,0.6875|0192833812,0.6875|0679410007,0.6875|B00003CWL6,0.6875|0486282406,0.6869095|0786232358,0.68584496|0060929871,0.68333334|1572700645,0.68333334|0807220299,0.6779077|0679428011,0.6770032|0375507949,0.6768549|0151006105,0.6666667|0151047723,0.6666667|078389502X,0.6666667|0679736360,0.6666667|0679407588,0.6614378|0451527860,0.6614378|1931056765,0.6614378|0486292576,0.6614378|8426105130,0.6614378|8408018825,0.6614378|9626340223,0.6614378|9626340959,0.6592342|1561007218,0.6592342|0486407918,0.65465367|0486421325,0.6454972|B0000203YT,0.6454972|0140437304,0.6444022|0451526570,0.64257544|0312850093,0.64168894|0486264645,0.64057344|B000065U1N,0.64025706|0679420428,0.6324555|043936213X,0.6324555|0671002759,0.6324555|0451527674,0.6324555|0486292568,0.6324555|0679405445,0.6324555|0822217856,0.6324555|9626340738,0.6324555|0786222727,0.6324555|048641776X,0.6324555|B00003CWT6,0.6324555|1582790795,0.6324555|0140281630,0.6306698|0694517526,0.6283146|0312114915,0.62819505|0140119906,0.6180642|0394561619,0.6180642|0345410017,0.6144921|0140185003,0.61237246|0151009988,0.61237246|0156628708,0.61237246|019283357X,0.61237246|0460875612,0.61237246|0385492081,0.61237246|0393960145,0.61237246|0393972844,0.61237246|0156012952,0.61237246|0451169522,0.61237246|0446690686,0.61237246|0451526279,0.61237246|0451528042,0.61237246|0486406482,0.61237246|0553212141,0.61237246|0553212737,0.61237246|0553455893,0.61237246|0553478672,0.61237246|0553502190,0.61237246|0670813648,0.61237246|0679432477,0.61237246|067960118X,0.61237246|0684833662,0.61237246|081120068X,0.61237246|0811202925,0.61237246|0822202905,0.61237246|1400001293,0.61237246|1555460615,0.61237246|9626340630,0.61237246|B00005ASUL,0.61237246|B00005ASUM,0.61237246|B00005ASUN,0.61237246|B000068TPN,0.61237246|B000068TSH,0.61237246|B00006IRHA,0.61237246|B00006IRHB,0.61237246|0192833863,0.61237246|0486406512,0.61237246|0395051444,0.61237246|0743224574,0.61237246|0446529869,0.61237246|0140434062,0.61237246|0553211684,0.61237246|0553211765,0.61237246|1586211722,0.61237246|1586211730,0.61237246|1853262374,0.61237246|3829030088,0.61237246|1561005932,0.61237246|0812523016,0.61237246|0060935456,0.61017025|1565115864,0.61017025|0375502807,0.6030227|0790743132,0.6008315|6305126976,0.6008315|0060938455,0.5976143|0764586505,0.59696203|068482499X,0.59603953|0736644318,0.5939383|0764586599,0.5939383|0525457585,0.59292704|0375727345,0.58904237|0694526274,0.5864928|6305736650,0.5841782|1400031346,0.5813184|B00000J2KP,0.58007294|0679732764,0.57735026|0679722769,0.5765567|067187036X,0.5757452|0486406539,0.5735393|0553208845,0.5735393|0393046974,0.5669467|B00005JKN9,0.56011206|0689831390,0.56|1400034779,0.559017|068480154X,0.55682486|1572700483,0.5550697|0694526266,0.5466723|0679600507,0.54494923|0684865130,0.54131275|0345342968,0.5393132|0060199652,0.5345225|0060199660,0.5345225|0060930535,0.5345225|0140042407,0.5345225|0694523615,0.5345225|0451526341,0.531085|0679409998,0.53033006|0192833669,0.53033006|0192834878,0.53033006|0151002177,0.5261522|0375404368,0.52223295|0375404376,0.52223295|156137301X,0.5210686|0345410017,0.51711565|0694526274,0.51711565|1573226122,0.5110241|0679405860,0.50952464|0679405437,0.50917506|067187036X,0.50867563|0808511777,0.5|0809073501,0.5|0684187116,0.5|1883332400,0.5|088690188X,0.49920192|0393966402,0.49613893|0812522974,0.49613893|019283505X,0.49613893|0553213296,0.49613893|0899682545,0.49613893|1561004871,0.49613893|0375753206,0.49099025|0393967948,0.49099025|0786119241,0.48961824|0684830515,0.48924604|0764586009,0.48427427|B00005ALPQ,0.48412293|0312195753,0.48338076|0808576364,0.4823819|0764586505,0.4823819|0316769177,0.47918636|1572701900,0.47851014|0140189424,0.4719399|0486277860,0.47140452|0743509889,0.47140452|0743509897,0.47140452|0684819066,0.47140452|155685000X,0.47140452|0448060310,0.46980923|0791059278,0.46780074|0375404120,0.46625242|0060935464,0.4662248|0486403491,0.46291006|0553210793,0.46291006|059043389X,0.46291006|0679420398,0.45643547|1564559149,0.45469886|1567310079,0.45469886|0375507914,0.4514129|0679444653,0.4472136|0375416528,0.4472136|0375416536,0.4472136|0394555090,0.4472136|0679405798,0.4472136|0884117006,0.4472136|6302610702,0.4472136|0192834770,0.4472136|0375752528,0.4472136|1853260657,0.4472136|0060194995,0.4433511|0684833395,0.44039625|0395796776,0.4392293|0060955686,0.43822992|014018970X,0.43822992|0446310786,0.43722743|0791056635,0.43590638|0679601392,0.4344931|0786236523,0.43355498|0684813637,0.43355498|0785755705,0.43334082|B00003CXA2,0.43334082|0312270828,0.4330127|0060173289,0.43242556|0060094818,0.43242556|156895199X,0.43242556|0061015075,0.43242556|069452168X,0.43242556|0316769533,0.43082023|6303402348,0.42874646|6305587744,0.42874646|0140283331,0.42860758|0679437223,0.4278034|0679405593,0.42640144|0812035062,0.4215785|0374129983,0.42008403|0743509994,0.42008403|0899664237,0.4119917|0452279070,0.4082483|0451524160,0.4082483|0553272535,0.4082483|1883332508,0.4082483|0195149017,0.4082483|0060959037,0.4082483|B00001ZWUS,0.4082483|088103715X,0.4082483|0375701966,0.40779543|0808514024,0.40773243|0394437039,0.40451992|0553450549,0.40436804|0453007902,0.40422603|1883332761,0.39698154|0684830507,0.38781312|0684863472,0.38729835|0140247750,0.386953|B00009ATIX,0.38575837|0684801469,0.38402244|0684837889,0.38402244|0375407170,0.38271606|0553280414,0.38124642|067972477X,0.38100037|0460874772,0.38051882|0393955524,0.38051882|0684865130,0.37924066|0345417623,0.37640372|0375408738,0.37640372|0140390243,0.375|140250537X,0.375|0449213943,0.37441543|0835910601,0.37441543|0452282195,0.3721042|034536676X,0.3678836|9626340096,0.36514837|0807209546,0.3635042|1575111144,0.36272678|0453007902,0.36262032|0684801221,0.36248577|1565111273,0.36022168|0316769509,0.35714287|0060191988,0.35675302|043936213X,0.35654935|0553712527,0.35634834|038550120X,0.35634834|0345418018,0.35400522|0679603069,0.35400522|0375703861,0.35355338|0140434895,0.35355338|0192833839,0.35355338|0486298035,0.35355338|0679420290,0.35355338|0812567102,0.35355338|1572700637,0.35355338|0788760440,0.35355338|006017322X,0.35118502|0375725784,0.34921515|0764108212,0.34815532|0783897677,0.34800887|0140449132,0.34641016|0679734503,0.34641016|0553211404,0.34503278|0812523377,0.34503278|0764585789,0.34273502|0312863586,0.3425178|0451523377,0.3425178|1931056846,0.3425178|0060199164,0.3415145|0880015829,0.3415145|0822206838,0.34035164|0590353403,0.3398058|0807281956,0.3398058|1565114973,0.33967075|0142000663,0.3391165|0446310786,0.3380617|0812034139,0.33734953|0786222727,0.33709994|B00003CXXO,0.33471933|0684833662,0.33462322|1402511787,0.33430687|1883332494,0.33132616|0878919465,0.3312447|0939173344,0.32984293|0060933275,0.32879797|0316769177,0.32787412|0452282152,0.32732683|0345342968,0.32387513|0486280489,0.32358947|9626340134,0.32358947|0679446230,0.32321495|0060929790,0.3202563|0449911497,0.3202563|059051377X,0.3202563|0520043545,0.3202563|9626340266,0.3202563|0375404686,0.31622776|0375411550,0.31622776|0613174453,0.31622776|0453008151,0.31622776|0670030589,0.31622776|067976402X,0.31622776|1579546463,0.31622776|B00003CXZ4,0.31622776|B0000640SA,0.31622776|0375404783,0.31622776|0804106304,0.31622776|1587244225,0.31622776|038572179X,0.31344157|1575111136,0.31344157|B00005UW7V,0.31277162|157270036X,0.31255937|0791059278,0.30984372|0393039765,0.3091371|1565113306,0.30877012|0486415872,0.30614507|0679601007,0.30614507|0808514032,0.30440974|067972768X,0.30429032|0399134204,0.30429032|0140445285,0.29930475|0739302248,0.2941742|0739302213,0.2941742|3895084573,0.29344696|0486266842,0.29277003|0891902236,0.29277003|0812533410,0.29277003|9626340584,0.29277003|1587881233,0.29111126|0439101352,0.2903816|0679601686,0.2903816|0679783261,0.2903816|1561004847,0.2903816|1859980139,0.2903816|0451163966,0.28867513|0812524586,0.28867513|0140236015,0.28867513|014028334X,0.28867513|0316769533,0.28851506|0399501487,0.28643578|0553265954,0.2857143|0739307312,0.28426763|0460875280,0.2806707|0375753419,0.2806707|0520201795,0.2806707|1551113082,0.2806707|0486415627,0.2806707|031219126X,0.2806707|0451527712,0.2806707|0140433627,0.2806707|0452011876,0.27907816|1587886103,0.27838942|087891014X,0.2739745|0375404635,0.2697708|067942850X,0.26709196|0142000744,0.26318067|0060502258,0.2581989|0679732241,0.25474933|B00001U0E1,0.2508726|0486299309,0.2504797|0670878014,0.2504797|9626340037,0.2504797|0553580930,0.25|1570426619,0.25|B00005JKJA,0.25|0195854675,0.25|0375411550,0.25|0375728007,0.25|055321263X,0.25|0553456199,0.25|158234082X,0.25|0679600108,0.24373335|0061009059,0.24019223|0312278586,0.24019223|0374270325,0.24019223|0553381334,0.24019223|0808514571,0.23783536|0525934189,0.2353469|0060929871,0.2347061|1572700645,0.2347061|0764108190,0.23331413|0140185216,0.23262106|0192833987,0.22941573|9626340428,0.22941573|0764586009,0.22662355|0060930187,0.22654136|0451526082,0.22603558|0316284955,0.22580644|1570428212,0.22580644|1410400816,0.22580644|0452011876,0.22522523|0764586696,0.22407787|0679447237,0.22372097|1561007307,0.22372097|0393958280,0.2236068|0151002177,0.22268088|0553214861,0.22086306|0679450254,0.22086306|0140189025,0.22086306|0679450041,0.2192645|0679407596,0.2182179|B00003CXO1,0.2182179|B00003CXO0,0.2182179|0060194995,0.21518214|0743510003,0.21466939|0312421273,0.21362069|0140434062,0.21181281|0192833863,0.21181281|0812523016,0.21181281|1561005932,0.21181281|0195149017,0.21128856|0679424725,0.20883985|0451526554,0.20883985|1551111802,0.20883985|0736657010,0.2085144|0140042598,0.20672455|0060174900,0.20412415|0833508113,0.20365328|0385424728,0.20044594|1586634747,0.20044594|0618129030,0.2|0767849493,0.2|0743421892,0.2|B00003CXRP,0.2|B000062TU1,0.2|B000062TU2,0.2|0192835181,0.2|0375725849,0.2|0140432264,0.2|061826051X,0.2|B00005V9IJ,0.2|B00005PJ8I,0.2|B00005PJ8J,0.2|8432215228,0.2|0440180295,0.19978732|0671014730,0.1973855|0385494246,0.19642857|0670874787,0.19389169|0060929804,0.18898223|0791041395,0.18898223|156849694X,0.18898223|0898459168,0.18898223|0822008742,0.18898223|0812511816,0.18835264|081257995X,0.18835264|1578151325,0.18835264|0736605673,0.18213275|B00000K3AO,0.1796053|B00000K3AN,0.1796053|B00000K3AM,0.1796053|1561005002,0.17662442|0684803356,0.1764706|0679410430,0.1754116|0374100128,0.17492786|1565114175,0.17461348|0060935464,0.1741683|0553479431,0.17370208|0854566260,0.17370208|0451525264,0.16666667|0261103768,0.16666667|0553525409,0.16666667|0395939461,0.16666667|0553212478,0.16666667|0553455826,0.16666667|0553455834,0.16666667|8445071394,0.16666667|0140155031,0.1658347|0671014803,0.16547585|0192833545,0.16547585|3895080969,0.16460133|9626341157,0.16460133|006017322X,0.1637931|0316739928,0.16317849|1582790450,0.16317849|0812589041,0.16195527|0812550706,0.16195527|1574535366,0.16195527|0878910379,0.1618904|0375501851,0.15811388|0791045684,0.15803489|0684830493,0.15724273|0395796776,0.15699278|0140186425,0.1569412|0142000671,0.1569412|0881030376,0.1569412|0316769487,0.15595976|0688163165,0.1552301|0694525057,0.1552301|0062502182,0.15325151|0062502174,0.15325151|0553214047,0.15138252|0679405755,0.15062407|0791045668,0.15062407|0886463432,0.15062407|9626340703,0.15062407|0385333846,0.15034619|0439420105,0.1490712|0385486804,0.14785922|0525940154,0.14625448|0679405828,0.14547859|1572701005,0.14547859|0694523607,0.1445304|0553714759,0.14433756|1572700556,0.14379932|0393319547,0.14348601|0679602968,0.14348601|155701230X,0.14348601|1561004855,0.14348601|0679405631,0.14285715|1565117808,0.14285715|0192834290,0.14285715|0375759069,0.14285715|0140437312,0.14285715|0679417311,0.14237767|0140186409,0.14153051|0140281622,0.14153051|0312282990,0.14142136|0786102349,0.1405727|0679420398,0.13987572|B00000JGOH,0.13762046|0881030317,0.13685767|0140296409,0.13483997|0451523385,0.13483997|0553212583,0.13483997|0452278902,0.13363062|B000053VAF,0.13363062|B000071ZZI,0.13363062|078624819X,0.13363062|1400046610,0.13363062|0671003755,0.13344012|0808509551,0.13130644|0679723161,0.13093074|0060185635,0.13069694|0694524646,0.13069694|0812524586,0.13055824|0156027321,0.1299688|1565117794,0.1299688|0670032379,0.12872915|6304119046,0.125|0345370775,0.12403473|0394588169,0.12403473|0679602321,0.12319093|0694523615,0.12216944|0192100432,0.11952286|0192835785,0.11952286|0812034074,0.119166136|0671887572,0.118912876|0613072197,0.118912876|0694520152,0.11616917|0142437263,0.11444752|0736633707,0.1132277|0553211404,0.1132277|9626341041,0.1132277|0812523377,0.1132277|0671027360,0.11218651|0140283293,0.1118034|0140481346,0.11111111|0141180978,0.11111111|0764586653,0.11111111|1559942568,0.11111111|0553210114,0.11094004|1587886065,0.11094004|0393964302,0.10714286|0679424741,0.10657614|0140868445,0.103195876|0375504524,0.1026316|0151001634,0.10206208|0553274503,0.10206208|0375408339,0.10206208|0553210092,0.10049949|0553712837,0.1|0140434186,0.1|0385508417,0.1|0385505833,0.1|0385506244,0.1|067973225X,0.09950372|1574535145,0.09853293|0822215497,0.09781453|0486295672,0.09781453|0553212710,0.09781453|1894003241,0.09781453|1551111365,0.09781453|0743509994,0.097128585|0374129983,0.097128585|0192833553,0.09263496|0140434267,0.09263496|1578151236,0.09263496|0553572997,0.091724925|0679417311,0.09166985|0345417976,0.09128709|014028009X,0.09128709|0449911497,0.09128709|0486282112,0.09128709|061303421X,0.09128709|0521587026,0.09128709|0385312083,0.08574929|0060809779,0.08574929|0451191145,0.08565604|0486289990,0.08492078|0684830469,0.08492078|0684843781,0.08492078|0451525442,0.08389891|0486411095,0.083857894|0446520659,0.08304548|0151008116,0.08045977|0736644318,0.08006407|0764586599,0.08006407|0393976041,0.07915595|0670880728,0.07881104|0375416811,0.07881104|0822204754,0.076636724|0679416781,0.07460471|0679745203,0.07460471|0767830555,0.072739296|0764108212,0.070052475|0452283760,0.06851887|0453009115,0.06851887|1586635158,0.06851887|0312932081,0.068260215|0613033205,0.06741998|0812034139,0.06568003|B000056HRZ,0.06477503|0316182540,0.0625|0316569321,0.0625|1590866355,0.058925565|0399501487,0.058025885|0451526341,0.057896074|1572700556,0.057166196|0375756701,0.055482667|0899663702,0.054554474|1573225517,0.05309111|0671027352,0.05263158|0786119241,0.05096472|1570426600,0.05096472|0792839846,0.04822428|0786199296
0812550757:0808586874,1.0|0312853254,1.0|0312937385,1.0|0808586874,1.0|1574535153,1.0|1574535153,1.0|0312853254,1.0|0312937385,1.0|0807282596,0.875|0553575384,0.8660254|0553293354,0.84270096|0807282588,0.80064076|1574535145,0.79186904|0312853238,0.7424152|B00004Z4RS,0.6984303|B00006IW17,0.6984303|B000078UJV,0.6846532|0395362903,0.61538464|0395071224,0.61538464|630242335X,0.61237246|093917345X,0.61237246|0970565100,0.61237246|1565115864,0.61237246|0439139597,0.59603953|0939173379,0.59603953|0553560735,0.5669467|0812550706,0.5652049|0786229276,0.56011206|0441790348,0.559017|0788789562,0.5345225|1565115511,0.5345225|0345339681,0.5345225|0395177111,0.5345225|0312877749,0.5330018|0618260307,0.5204165|061815082X,0.5204165|0380002930,0.46291006|0694526266,0.4472136|0786222727,0.4472136|156137301X,0.4472136|0312864256,0.44226897|081257558X,0.44226897|0765342294,0.43281907|088142269X,0.42947784|0812509250,0.42450485|0395520215,0.41499192|0618002219,0.41499192|0618162216,0.41499192|0345445600,0.41499192|0788789821,0.41499192|0395873460,0.41499192|156511552X,0.41499192|8445071416,0.41499192|B00000K2SE,0.41478068|0764586505,0.4082483|1559352310,0.4082483|0785716343,0.4014924|0451169530,0.38729835|B00004Z4UW,0.38729835|B00001ZUGJ,0.38729835|0812580354,0.38729835|0812522397,0.38518208|0808520873,0.38392034|1574535439,0.38200486|0613176286,0.38026386|0812524586,0.37278673|0441788386,0.3621034|0765300176,0.34790832|B000050XY8,0.34299716|0812509250,0.30772874|0439139600,0.30151135|0345417623,0.28614655|0375404368,0.28614655|0312932081,0.28307843|0694526274,0.28306925|0312873840,0.2707652|0441790348,0.2602896|B000069F5H,0.260133|006017322X,0.25|0060935464,0.25|0780631153,0.25|0446310786,0.25|1572701900,0.25|B00003CWTH,0.25|0060933275,0.25|B00003CWTI,0.25|157270036X,0.25|0671741926,0.24397501|0375408738,0.2300895|0553283685,0.21004201|0765340054,0.20412415|0765342405,0.19764236|1574535285,0.18636872|0808520733,0.18463723|0441172695,0.18463723|0812550706,0.18307999|0765342294,0.1754116|1574535366,0.1714412|0812589041,0.16682556|0807286001,0.16666667|B00003CXI1,0.16666667|B00003CXI0,0.16666667|6305910103,0.16666667|B0000683DH,0.16666667|6305910189,0.16666667|B000062TU2,0.16666667|0345347951,0.14285715|0345444051,0.14285715|0881032646,0.14285715|0848801571,0.14285715|0312852487,0.14002801|0807281808,0.13363062|0736640185,0.13363062|B000062TU1,0.13363062|1574534106,0.1318761|0375408738,0.1315587|0312876513,0.11979055|031286860X,0.11785113|043936213X,0.114707865|0807281948,0.10998534|080728601X,0.10998534|0939173352,0.10998534|0439203538,0.10998534|0440418321,0.10846523|0679879242,0.10846523|0345413350,0.10846523|B00006IRHB,0.10846523|B00006IRHA,0.10846523|0375404376,0.10090092|0312853238,0.08791036|0375404376,0.08111071|1574535145,0.081029706|0807281751,0.0751646|6305750750,0.07258662|0812565959,0.069312744|0590353403,0.06579517|0939173344,0.06579517|1590073991,0.049029034|630575067X,0.04839339|B0000667J7,0.04839339|0312932081,0.015730694|0807286028,0.0|0807286001,0.0|0808521667,0.0|0807281913,0.0|0395362903,0.0|0553381709,0.0|0395595118,0.0|0439136369,0.0|0439136350,0.0|0618260242,0.0|0747545111,0.0|0788789562,0.0|0395071224,0.0|0441007465,0.0|061815082X,0.0|0553106635,0.0|0618260307,0.0|0345339681,0.0|0395177111,0.0|0618260250,0.0|055357342X,0.0|0395974682,0.0|0345416872,0.0|0345416880,0.0|0618129014,0.0|0553283685,0.0|0618129022,0.0|0670691992,0.0|0395193958,0.0|0441478123,0.0|6305126976,0.0|1565115511,0.0|0060512806,0.0|6305736650,0.0|0439064864,0.0|0439139597,0.0|0807282596,0.0|8423309835,0.0|0807282588,0.0|0807282324,0.0|0807282316,0.0|0790743132,0.0|078610239X,0.0|0785716343,0.0|0743520165,0.0|0553108034,0.0|0812524586,0.0|1559351209,0.0|0345444884,0.0|0451524934,0.0|0939173360,0.0|0380788624,0.0|0380973464,0.0|0441569595,0.0|630575070X,-0.052472837|0671027352,-0.10223973|0671027360,-0.10223973|0807281956,-0.10369517|0812575717,-0.12505446|0786222727,-0.15811388|1574534939,-0.17677669|1574534939,-0.17711172|0060536969,-0.19094065|0060536985,-0.19094065|0060536977,-0.19094065|0765342405,-0.19140024|0066214122,-0.19364917|0060536942,-0.19364917|0060536950,-0.19364917|0380708213,-0.2|0812511816,-0.20344503|0441783589,-0.20365328|0785787283,-0.20365328|0553103547,-0.20478155|0312850093,-0.21004201|031286860X,-0.22379284|0375431969,-0.23354968|0385508042,-0.23354968|0385508050,-0.23354968|0553579908,-0.24576958|0312863551,-0.25|0553573403,-0.25692037|0441172717,-0.2581989|0553381695,-0.27678293|0553381687,-0.2783556|0399128964,-0.28867513|044100590X,-0.28867513|1559949570,-0.28867513|081257995X,-0.28919628|0739307312,-0.29250896|0739302043,-0.29250896|0385504209,-0.29250896|0679417397,-0.30714756|0881036366,-0.3106849|B000065U6P,-0.3442652|B000067DNF,-0.3442652|B000069K5I,-0.3442652|1586211137,-0.35355338|B00003CX5P,-0.35355338|1578151325,-0.3614594|0739302248,-0.3668997|0345391802,-0.375|B00007AJLD,-0.375|0345342968,-0.4082483|0553380958,-0.4082483|B00003CWT6,-0.42640144|B000065U3Q,-0.42640144|0613361628,-0.4472136|0525934189,-0.45216194|0786102349,-0.45216194|1565114175,-0.45216194|078578781X,-0.45643547|0553564943,-0.45643547|0807220280,-0.4767313|0312857055,-0.5008354|0765300273,-0.5008354|0439567629,-0.50952464|043935806X,-0.50952464|0807220299,-0.57735026|0452011876,-0.5976143|0451191145,-0.5976143|1565111273,-0.5976143|0312850093,-0.63055384|6304415346,-0.6454972|6304576935,-0.6454972|0812517725,-0.77174366|0156027321,-0.7905694|1561005983,-0.8111071|0886777631,-0.84016806
0812550927:0451528190,1.0|0394853334,1.0|0451524535,1.0|0192828398,1.0|0688105351,1.0|0140367217,1.0|0789434288,1.0|0448413078,1.0|9626340142,1.0|157765806X,1.0|0688105351,1.0|1569945322,1.0|0451528190,1.0|0451524535,1.0|0789434288,1.0|1590070429,1.0|0448413078,1.0|0439227151,1.0|0394853334,1.0|0192828398,1.0|9626340142,1.0|389508462X,1.0|157765806X,1.0|389508462X,1.0|1569945322,1.0|0553211757,0.8807048|0451527232,0.8807048|0688075088,0.875|0486411117,0.875|0866119523,0.875|0670867934,0.875|9626340339,0.875|0375759239,0.8728716|0486419371,0.8728716|1576465128,0.8728716|0899663761,0.8728716|0192833863,0.7770287|3895080969,0.7770287|0486411095,0.7484552|0451523377,0.7484552|1931056846,0.7484552|0812523016,0.61237246|0061064963,0.61237246|0866119604,0.5477226|0451524500,0.5477226|0671575562,0.45883146|1561001414,0.45883146|0140022651,0.45883146|157765689X,0.45883146|0764586696,0.4082483|0764108212,0.40370518|1573226122,0.40370518|0812504712,0.3721042|0316769177,0.37139067|0808514032,0.37139067|0316769533,0.32179794|0812034074,0.22821774|0618129022,0.16666667|0618129014,0.16666667|061815082X,0.16666667|0618260250,0.16666667|0618260242,0.16666667|0395177111,0.16666667|0812550706,0.16666667|1559351209,0.16666667|0812589041,0.16666667|1574535366,0.16666667|0395193958,0.16666667|0553213385,0.12108987|0688131379,0.12108987|0453009158,0.06984303|0140445285,0.06984303|0679420290,0.06984303|0192833839,0.06984303|0679601007,0.06984303|0156027321,0.0|0140283331,0.0|0671575546,0.0|0679417397,0.0|0486284727,0.0|0671575538,0.0|0807209546,0.0|0899663680,0.0|0486405524,0.0|0486295060,0.0|0451524934,0.0|078610239X,0.0|0812505158,0.0|0399501487,0.0|B000069F5H,0.0|B00003CWT6,0.0|8423309835,0.0|0881030317,0.0|1565117794,0.0|1551113058,0.0|0786119241,-0.0805823|0151002177,-0.0805823|0395796776,-0.10206208|0486419371,-0.10206208|0679420398,-0.10206208|0899663761,-0.10206208|0375759239,-0.10206208|1576465128,-0.10206208|0449300439,-0.2182179|0899682839,-0.2182179|044180263X,-0.22518867|0684830493,-0.25|0807286001,-0.29277003|0807281956,-0.3202563|0786222727,-0.3202563|0689840926,-0.375|1581180551,-0.375|0807281751,-0.5345225|0374386137,-0.6666667
0812551109:0812580362,0.56407607
0812551389:0812551397,1.0|0765303728,1.0|0613176499,1.0|0613176502,1.0|0553573403,0.9561829|0312852894,0.9486833|0553103547,0.8911328|0553381687,0.88852334|0812544161,0.8539126|B000069F5H,0.52704626|B000065U6P,0.52704626|0812544196,-0.25|0613280806,-0.25
0812551397:0613176499,1.0|0613176502,1.0|0812551389,1.0|0765303728,1.0
0812551400:0312852894,1.0|0312852894,1.0|0613176502,0.96824586
0812551478:0312890524,1.0|0312890524,1.0|1567404154,1.0|1567404154,1.0|0765340747,0.88741195|0765303183,0.80822384|1587889390,0.7843404|081257639X,0.7562475|1587889366,0.7405927|0312867867,0.7335586|0812551494,0.7242243|0765300265,0.70747495|0312890532,0.7047638|1561007773,0.69309115|0812551486,0.6881414|1587880105,0.6738569|0812548051,0.6432675|0765300273,0.6288994|0312857063,0.61622286|0812548094,0.61150557|1561007773,0.60385966|0312890540,0.6016852|1561007765,0.59292704|0765346524,0.5800043|0312857055,0.57403785|0765305224,0.57316285|1561005983,0.5704515|0765300273,0.5655771|0312857055,0.5625|0812548051,0.5461515|1567404030,0.53|1567404030,0.4677072|0812511816,0.40089187|1561007765,0.37590748|0812551494,0.24084383|0812550293,0.23267002|1575110458,0.23267002|1590073983,0.23267002|1590073991,0.21777026|0613221583,0.21777026|0312890540,0.19764236|0312890532,0.18634349|0812551486,0.10089735|0312857063,0.0|0553579908,-0.07001401|1578151325,-0.07444375|0312850093,-0.07444375|081257995X,-0.09853883|0553103547,-0.25|055357342X,-0.2581989|0553103547,-0.3721042|0812550307,-0.4082483|0312854277,-0.46291006|1879371650,-0.46291006|0553573403,-0.47354242|0553106635,-0.5345225|0553381709,-0.5345225|1879371294,-0.56011206|0812517725,-0.61237246|1578151333,-0.61237246|0812509714,-0.61237246|0553381687,-0.63828474|081257558X,-0.6741999|0312864256,-0.6741999|B000062UIH,-0.6741999
0812551486:0312890532,1.0|1561007765,1.0|1561007765,1.0|1574535366,1.0|0812550706,1.0|0312932081,1.0|0312890532,1.0|1560760478,0.875|0312867522,0.8603835|0613221583,0.81599677|0765300265,0.8099905|0812570812,0.8003267|0812550293,0.77174366|1575110458,0.77174366|1590073991,0.7698168|0765303183,0.6892637|0812551478,0.6881414|1590073983,0.6825609|1587889366,0.66552186|1587889390,0.65337974|1587889366,0.642764|0312857063,0.61237246|0312890524,0.59292704|0765300273,0.5921565|1567404154,0.58328533|0312867867,0.58204615|1561007773,0.57950616|081257639X,0.5771761|0812548094,0.5753761|0312857055,0.5651284|0312857063,0.5639679|1578151325,0.56011206|0765340747,0.55476654|0312890540,0.54624367|0812551494,0.54624367|1561005983,0.54292154|0765346524,0.5325874|1587880105,0.528653|1567404030,0.5259583|0812548051,0.5185707|0765300273,0.5129912|0312857055,0.50121|0812551494,0.4904416|0312890540,0.4904416|0812517725,0.47140452|0312854277,0.46291006|1879371650,0.46291006|1590073924,0.46291006|1578151333,0.4472136|0812509714,0.4472136|1567404030,0.44133708|1561005983,0.43355498|0765305224,0.42524326|081257639X,0.41829655|1879371294,0.4082483|0312890524,0.37590748|1559278064,0.34299716|1567404154,0.30819026|081257995X,0.29277003|0812511816,0.25|0312867867,0.2297384|0765300265,0.17407766|0553579908,0.14409761|0736656103,0.12862393|0812551478,0.10089735|1590073991,0.09245003|1575110458,0.07001401|0812550293,0.07001401|6305750750,0.0|0312854285,0.0|0312851405,0.0|B00003CX5P,0.0|0812513754,0.0|0553103547,0.0|0553381695,0.0|0553381687,0.0|055357342X,-0.04822428|0553106635,-0.04822428|0553381709,-0.04822428|0553108034,-0.11677484|0765305925,-0.12903225|0375404376,-0.17496355|0312850093,-0.19364917|0812511816,-0.22428066|B000062UIH,-0.24779731|1879371308,-0.25|0812550307,-0.25|0312864256,-0.26737916|0553573403,-0.30194053|0553381687,-0.3142697|1578151325,-0.38100037|081257995X,-0.41833|0375408738,-0.45643547|0345417623,-0.45643547|0375404368,-0.45643547|0553103547,-0.4618802|081257558X,-0.56011206
0812551494:0312890540,1.0|1567404030,1.0|1567404030,1.0|0312890540,1.0|0765305224,0.90632695|1590073967,0.8539126|1592120539,0.766965|1592120075,0.766965|0884046818,0.766965|1592120083,0.766965|081257558X,0.7608859|0312864256,0.7608859|0765342405,0.74535596|031286860X,0.74535596|0312857055,0.7277963|0312890524,0.7242243|0812551478,0.7242243|0312857063,0.71632695|0812548094,0.71632695|1561007773,0.71632695|081257639X,0.6625836|0765300273,0.65521294|0765346524,0.6475183|0812548051,0.6475183|1561005983,0.6404777|0812550285,0.6157935|1590073975,0.6157935|0765346524,0.60711324|0765305224,0.5921565|0812551486,0.54624367|1590073959,0.53935987|0812513754,0.53935987|0312854285,0.53935987|1587889390,0.53051496|1567404154,0.53|0312890532,0.5243549|1561007765,0.5243549|0812548051,0.52414244|0765340747,0.5187514|1587889366,0.5187514|0736656103,0.49354553|0812551486,0.4904416|1561007765,0.47969764|0312890532,0.47969764|0312854277,0.47633052|0812550307,0.47633052|1590073924,0.47633052|1879371650,0.47633052|1567404154,0.4677072|0312867867,0.4300812|1590073991,0.4294005|B000062UIH,0.4265617|0765303183,0.42220497|1559278064,0.41660255|1587880105,0.41540417|0553573403,0.37796447|0765340747,0.35052148|1587889366,0.35052148|1561005983,0.31304953|0765303183,0.30618623|0613221583,0.2710411|0812513711,0.2581989|0812551478,0.24084383|0312890524,0.24084383|0312864256,0.23952696|081257558X,0.23952696|0553381709,0.2296677|0765300265,0.22910853|1575110458,0.22112529|0812550293,0.22112529|0765305925,0.21004201|1590073983,0.16539535|081257639X,0.1434422|0765300273,0.13483997|1561007773,0.1328735|0312857063,0.1328735|0553579908,0.069337524|0553381695,0.069337524|0812548094,0.06300971|0312857055,0.0559017|0613221583,0.04884888|0553103547,0.045963857|0553381687,0.03881727|0812541626,0.03419928|0812550293,0.033920333|1575110458,0.033920333|1590073991,0.025310373|0553108034,0.0|0312932081,0.0|0553381687,0.0|0312852487,0.0|0812509714,0.0|0939173379,0.0|0812550706,0.0|0812513738,0.0|1574535366,0.0|055357342X,0.0|0812517725,0.0|0553106635,0.0|1879371294,0.0|0439139600,0.0|0439139597,0.0|B000069F5H,0.0|0312867522,0.0|0553106635,-0.044957556|0553108034,-0.054554474|0553103547,-0.07001401|055357342X,-0.11882429|0312851405,-0.14433756|0553579908,-0.15811388|0553381695,-0.15811388|1578151333,-0.16539535|630575070X,-0.19611613|B00003CX5P,-0.19611613|6305750750,-0.19611613|630575067X,-0.19611613|0312854315,-0.22191676|0553573403,-0.22381413|081257995X,-0.2581989|0812511816,-0.2581989|0375404368,-0.27216554|0375404376,-0.27216554|0812570812,-0.3389596|0553381709,-0.37863284|1879371308,-0.38254604|0807282588,-0.38829014|0786229276,-0.4107919|0812511816,-0.4472136|1578151325,-0.47918636|0312850093,-0.4890318|0807282596,-0.5160468|B0000667J7,-0.5568901|081257995X,-0.7634874|043935806X,-0.80178374
0812551699:0399226893,1.0
0812552741:031285921X,1.0
0812553993:0812536509,0.0
0812555171:038072846X,0.0
0812555473:0312867522,0.57906604
0812558626:0765342308,1.0|0765342308,1.0|1572701900,0.4170288|157270036X,0.4170288|006017322X,0.4170288|0060935464,0.4170288|0446310786,0.4170288|0878919465,0.0|0764586009,0.0|0060933275,0.0|0060194995,0.0|0807220299,-0.8304548|043935806X,-0.8385255
0812561627:0765340011,0.18569534
0812561775:0312874847,1.0
0812562615:0312859740,1.0
0812563115:3829029683,1.0|1561007846,1.0|1572700637,1.0|0192833596,1.0
0812563123:0531300552,1.0|0553213709,1.0|0679602550,1.0|0679874291,1.0|0451527887,1.0|1570821739,1.0|1570821739,1.0|0679874291,1.0|0679602550,1.0|0531300552,1.0|0451525647,0.83107686|0192838423,0.83107686|1582790736,0.83107686|1582790671,0.83107686|0060955708,0.0|0486292568,0.0|0553212583,0.0|0671014803,0.0|0140434186,0.0|0679405437,0.0|0192833545,0.0|1582790450,0.0|9626340630,0.0
0812564375:1570426619,0.91914505|1570426600,0.91914505|0446608378,0.86772186|0385504209,0.86640024|0739302043,0.86640024|0375432302,0.86258197|1570426678,0.8451542|0345366239,0.7905694|0345419081,0.7905694|0380818809,0.61237246|0671027387,0.5400617|0671027379,0.5400617|1586210564,0.52522576|158621053X,0.52522576|0446610038,0.52522576|0613027809,0.5141745|038081093X,0.39298874|0446531421,0.37796447|0446607177,0.3572479|0060536977,0.32732683|0060536950,0.32732683|B00008RWC0,0.31108552|0312266596,0.28867513|0446611239,0.28607726|0446610232,0.2581989|0446525871,0.2581989|0671027360,0.25|0671027352,0.25|0375404376,0.24019223|0375404368,0.24019223|0345417623,0.24019223|0375408738,0.24019223|0312874766,0.2182179|0446607177,0.18156826|0446530220,0.15617377|1570428670,0.14016831|0446523372,0.11355499|158621280X,0.10942844|1570426678,0.108893104|0385506686,0.0|B000069K5I,0.0|0446608378,0.0|B000067DNF,0.0|B000065U3Q,0.0|0446525871,0.0|0446610232,0.0|055357910X,-0.25|0812542835,-0.25|0066214122,-0.25943726|0060536969,-0.2738613|0060536985,-0.2738613|0312971230,-0.2738613|0060536942,-0.2738613|0060002492,-0.8|0060002484,-0.8
0812564545:0312873727,1.0
0812564618:1561007986,1.0|1561007986,1.0|0312868162,0.61237246|0812575504,0.58554006|0446525871,-0.3952847|0446610232,-0.3952847|1570428670,-0.3952847
0812564839:0671577212,1.0|0671577204,1.0|0486400603,1.0|0812967259,1.0|0812967259,1.0|0671577204,1.0|0671577212,1.0|0486400603,1.0|0486419371,0.875|1576465128,0.875|0375759239,0.875|0812505158,0.875|0486295060,0.875|0899663761,0.875
0812564995:0451525647,1.0|0192838423,1.0|1582790671,1.0|0192838423,1.0|1582790736,1.0|1582790671,1.0|0899681468,1.0|0899681468,1.0|1582790736,1.0|0531300552,0.83107686|0192834657,0.74535596|0140367470,0.0|0448060248,0.0|0140440259,0.0|0679603328,0.0|0899682294,0.0|0192838431,0.0
081256510X:0140432353,1.0|0141000902,1.0|0679417338,1.0|0141000902,1.0|0679417338,1.0|0140432353,1.0
081256541X:0312878842,1.0|0312878842,1.0
0812565622:0684188775,1.0
0812565657:0140436588,1.0|0881030724,1.0
0812565681:0679601996,1.0|9626340398,1.0|0192833952,1.0|0553213504,1.0|962634539X,1.0|014044615X,1.0|3895086908,1.0|0854566260,1.0|9626340398,1.0|962634539X,1.0|0613171527,1.0|0553502751,1.0|0140444173,1.0|0451521951,1.0|014044615X,1.0|0679601996,1.0|0553213504,1.0|0613171527,1.0|0192833952,1.0|0684874350,0.9486833|0671043013,0.9486833|067158037X,0.9486833|0822206838,0.91287094|0679410430,0.91287094|0812034139,0.8849847|0140868445,0.8849847|0140281622,0.8849847|0140247750,0.8849847|0822204754,0.8838835|0142000663,0.8838835|0393976041,0.8807048|0679601686,0.8807048|1582790442,0.8807048|0486284735,0.8807048|0736633707,0.8807048|019254702X,0.8807048|1859980139,0.8783101|0439101352,0.8783101|1561004847,0.8783101|0679783261,0.8783101|1578151236,0.875|0192833553,0.875|0521402301,0.80178374|1572701900,0.77151674|006017322X,0.77151674|0446310786,0.77151674|0945353413,0.7592566|185326041X,0.75|0791036510,0.75|0030234573,0.75|0684830426,0.75|1586635158,0.73951|0452283760,0.73951|0764585584,0.73951|0453009115,0.73951|0684869713,0.73951|044023722X,0.71428573|038550120X,0.71428573|9626340894,0.68313|0448060248,0.68313|0808509845,0.68313|1567400531,0.6770032|0679860177,0.6770032|0679603328,0.6770032|0140440259,0.6741999|0140367470,0.6708204|0192835750,0.6666667|0835910601,0.65465367|0449911497,0.65465367|0449213943,0.65465367|0316739928,0.6324555|0899664237,0.6284911|0881030376,0.61237246|0812034074,0.61237246|0316769487,0.61237246|0453007902,0.61237246|0142000671,0.61237246|0140186425,0.61237246|1572700645,0.6114995|0060929871,0.6114995|0786102349,0.59954375|0451525264,0.5903013|1565111273,0.58434874|1565114175,0.58434874|0452011876,0.5635471|0451191145,0.53333336|0525934189,0.48750845|0060933275,0.47721943|157270036X,0.47721943|0060935464,0.47721943|1559949570,0.45883146|0881036366,0.45883146|044100590X,0.45883146|0441172717,0.45883146|0399128964,0.45883146|0451523261,0.45305023|0553479431,0.45305023|0679600841,0.4418223|0899663702,0.4082483|0393958280,0.4082483|0553473530,0.4082483|0192835785,0.4082483|0192100432,0.4082483|962634542X,0.4070401|0833508113,0.4070401|039396647X,0.37796447|0896218856,0.32732683|042510107X,0.32732683|0399131493,0.32732683|0316769177,0.25|0808514032,0.25|0679781587,0.22633937|0375400117,0.22633937|0375408339,0.22633937|0375405372,0.20672455|0679460756,0.20672455|0316769533,0.20365328|B000062XLM,0.16666667|B000077VR3,0.16666667|087891014X,0.14285715|0192833669,0.14285715|0460875280,0.14285715|0679409998,0.14285715|0486282112,0.14285715|0192834878,0.14285715|0140433627,0.14285715|0553212478,0.14285715|031219126X,0.14285715|0521587026,0.14285715|0486415627,0.14285715|9626340037,0.13483997|1573226122,0.13483997|0375753419,0.13483997|0764108212,0.13483997|0520201795,0.13483997|0399501487,0.13483997|1551113082,0.1132277|0195149017,0.1132277|0451527712,0.1132277|0807209546,0.08574929|0881030317,0.08574929|1568951868,0.0|0812589041,0.0|0439064864,0.0|1551111365,0.0|B00003CXE7,0.0|0812034074,0.0|0899682294,0.0|0786222727,0.0|1574535366,0.0|1931056846,0.0|1561000167,0.0|0192835750,0.0|9626341157,0.0|078610239X,0.0|0939173379,0.0|3895080969,0.0|1551113074,0.0|B00003CWT6,0.0|158788772X,0.0|0939173344,0.0|1565114965,0.0|8423309835,0.0|0439203538,0.0|0671043064,0.0|0899663680,0.0|0812550706,0.0|0929071697,0.0|9626341785,0.0|9626340428,0.0|1574535145,0.0|B00003CXE6,0.0|0140367470,0.0|0808520784,0.0|1402505396,0.0|0807286001,0.0|1894003241,0.0|0743223136,0.0|1410400441,0.0|1569945128,0.0|B000069F5H,0.0|0807281751,0.0|156137301X,0.0|1565114973,0.0|B00004ZEPN,0.0|0764191004,0.0|0786229276,0.0|0451167716,0.0|0439420105,0.0|0553213415,0.0|0375404368,0.0|0399148701,0.0|0694526266,0.0|0486295672,0.0|0375756701,0.0|0684853507,0.0|0679417397,0.0|0486292576,0.0|0156001314,0.0|0312114915,0.0|0451526570,0.0|043936213X,0.0|0345342968,0.0|0765342294,0.0|0385312083,0.0|0786240644,0.0|0399103422,0.0|0192100254,0.0|0486264645,0.0|0553293354,0.0|0440180295,0.0|0590353403,0.0|0140445269,0.0|0151446474,0.0|067102423X,0.0|0786222735,0.0|0425191184,0.0|067187036X,0.0|0679420312,0.0|0140186409,0.0|0439064872,0.0|0151004439,0.0|0764586505,0.0|0385333846,0.0|0613287142,0.0|0451523377,0.0|0684813637,0.0|0553713094,0.0|0316769487,0.0|0375705244,0.0|0312863586,0.0|0684865130,0.0|0451205766,0.0|0451524934,0.0|0439139597,0.0|0393955524,0.0|0694526274,0.0|0679428011,0.0|0786236523,0.0|0312932081,0.0|0345410017,0.0|0192833987,0.0|0439136369,0.0|0451169530,0.0|0553212710,0.0|0452282152,0.0|0808514571,0.0|0807282588,0.0|0807281948,0.0|0807281913,0.0|B00008DDVV,0.0|B00006HBUI,0.0|B00006HBUG,0.0|B000065U6P,0.0|B000065U3Q,0.0|B00008DDVU,0.0|B00006HBUJ,0.0|1561005002,-0.07479576|9626340134,-0.07479576|0142437263,-0.07479576|088690188X,-0.07479576|0679417311,-0.07479576|0486280489,-0.07479576|1587886103,-0.093352005|0553210092,-0.093352005|0451526082,-0.093352005|0684833646,-0.10660036|0684823802,-0.10660036|1853262005,-0.125|9626340096,-0.125|0553211757,-0.125|0140449132,-0.125|0453009158,-0.125|0679420290,-0.125|0679601007,-0.125|0192833839,-0.125|0451527232,-0.125|0140445285,-0.125|0679734503,-0.125|B00003CXXV,-0.13245323|B00003CXXU,-0.13245323|0486415872,-0.16666667|0807282324,-0.2|1854592866,-0.25|0747545111,-0.25|1853262714,-0.25|0807286028,-0.25|0140440410,-0.25|0679410465,-0.25|0452008999,-0.25|0393966429,-0.25|0142000272,-0.25|0670894788,-0.25|0075536323,-0.25|0679410007,-0.25|0553213466,-0.25|0192100351,-0.25|067978330X,-0.25|055352559X,-0.25|0192833812,-0.25|0679760806,-0.25|0399138250,-0.34299716|0375406999,-0.34299716|0425143325,-0.34299716|0345340426,-0.3721042|0618002251,-0.3721042|0060194995,-0.375|0736605673,-0.375|0451526562,-0.375|1582790795,-0.375|9626340576,-0.375|0764108190,-0.375|0395796776,-0.375|0679420398,-0.375|0451526341,-0.375|048641776X,-0.375|0192545043,-0.375|0764586696,-0.375|0871136791,-0.4082483|0679460691,-0.4082483|0375700757,-0.4082483|0739302043,-0.417365|0375432302,-0.417365|0375404376,-0.42008403|0345417623,-0.42008403|0375408738,-0.42008403|0385504209,-0.4392293|0739307312,-0.4392293|0553247778,-0.5|156511552X,-0.54232615|8445071416,-0.54232615|088142269X,-0.54232615|0395873460,-0.54232615|0618002219,-0.54232615|0395520215,-0.54232615|0788789821,-0.54232615|0618162216,-0.54232615|0345445600,-0.54232615|061815082X,-0.61237246|0060536985,-0.61237246|0060536969,-0.61237246|0066214122,-0.61237246|0060536977,-0.61237246|0786103299,-0.6666667
0812565754:0891902716,1.0|039396650X,1.0|1572701129,1.0|0140183523,1.0|0192835130,1.0|1572701129,1.0|0192835130,1.0|039396650X,1.0|0140183523,1.0|0679420398,0.875|078610239X,0.875|0736605673,0.875|0679720200,0.6666667|0394533054,0.6666667|0679420266,0.6666667|0451525442,0.5618332|0791045668,0.5618332|0140186832,0.5618332|0140283285,0.5618332|0316769533,0.5041842|0808514032,0.4889012|3829030037,0.3646984|0393955524,0.3646984|0486264645,0.34299716|0460874772,0.34299716|0140186522,0.2795085|0679405372,0.18633899|1573226122,0.1724138|0399501487,0.1724138|0764108212,0.1724138|0679428011,0.15811388|1551113074,0.15811388|0451526570,0.15811388|0140281630,0.10657614|0684801469,0.10206208|0684837889,0.10206208|0791036510,0.0|0140247750,0.0|0553212141,-0.31399292|0312114915,-0.3818813|0791059278,-0.48412293
0812565959:0312876513,1.0|0312877749,1.0|0312876513,1.0|0312877749,1.0|1574534106,1.0|0785716343,0.93597096|1574535145,0.91855866|0812550706,0.91855866|0812589041,0.91855866|0613278259,0.91018206|0812515285,0.91018206|0553527207,0.89642143|0345427513,0.89642143|0553502549,0.89642143|0812580354,0.8944272|B00008RUN0,0.8944272|0439064864,0.8839561|0439064872,0.8811404|0439203538,0.8811404|0807281913,0.8811404|0939173352,0.8811404|0765300176,0.8700936|0785716343,0.86650693|080728601X,0.84605|0345417623,0.84016806|0375408738,0.84016806|1574534939,0.8029551|B000050XY8,0.7985836|B00001ZUGJ,0.7985836|B00000K2SE,0.7985836|0812575717,0.79018366|0765342294,0.7819291|0345342968,0.7759836|0345410017,0.7759836|067187036X,0.7759836|0694526274,0.7759836|0764586505,0.7759836|156137301X,0.7759836|0812509250,0.77279514|0439420105,0.77211|0613287142,0.77211|0747545774,0.77211|0786222735,0.77211|0441005667,0.75377834|0060512806,0.7518094|0380973464,0.7518094|0736656103,0.7319251|1574535439,0.69920874|0439139600,0.6943651|0939173379,0.6943651|0765340054,0.6763536|1574535285,0.6763536|0807286001,0.6708204|0613363329,0.66340345|031286860X,0.62946516|0765342405,0.6268563|0812522397,0.60467273|0807281956,0.6030227|0590353403,0.5933908|0939173344,0.5933908|B000078UJV,0.57177186|0375431969,0.559017|0385508042,0.559017|0385508050,0.559017|0739302248,0.559017|0312850093,0.5410018|0812511816,0.5410018|081257995X,0.5410018|1578151325,0.5410018|0439139597,0.53935987|0786229276,0.53935987|0807282596,0.53935987|1574534939,0.53656334|031286860X,0.53207463|0312932081,0.51114434|0553580272,0.5|0812575717,0.49657676|0812524586,0.49036518|0312282990,0.48038447|1587881233,0.48038447|0807281751,0.4676381|0061091316,0.4642857|0553103547,0.45479402|0312853238,0.4536438|0807281956,0.4472136|043935806X,0.438529|043936213X,0.4330127|0765300176,0.43225807|1559278064,0.42133242|0786222727,0.41173083|0553381687,0.4082483|B000062UIH,0.36084393|081257558X,0.34802878|0553714775,0.32732683|0618129030,0.32732683|0618153985,0.32732683|061826051X,0.32732683|0788789538,0.32732683|0788789813,0.32732683|0808520768,0.32732683|1565116674,0.32732683|0812550706,0.2953211|0812589041,0.2953211|1574535145,0.28968272|0613176286,0.28593138|1574535366,0.28338188|0375404368,0.28203803|0375404376,0.28203803|0765305925,0.27488324|0765342405,0.2738613|0553380958,0.25537696|0613361628,0.25537696|B00003CX5P,0.22821774|6305750750,0.22821774|0553573403,0.2182179|0312856830,0.2|0684853523,0.19364917|0671024256,0.19364917|0743204360,0.19364917|0743506650,0.19364917|0671582364,0.17149858|0066214122,0.15724273|0060536942,0.15724273|0060536950,0.15724273|B000065U6P,0.15389675|B000069K5I,0.15389675|B000069F5H,0.15389675|B000067DNF,0.15389675|0812536355,0.13363062|0808586874,0.1318761|0380708213,0.13135174|0312937385,0.11979055|B000065U3Q,0.10206208|0812550757,0.069312744|1574535153,0.069312744|0312853254,0.067115605|0765342294,0.05882353|0345416872,0.041502867|0345416880,0.041502867|0380973650,0.0|6305126976,0.0|B0000640SA,0.0|B00003CXZ4,0.0|6305736650,0.0|B00003CWT6,0.0|0345435249,0.0|0345443020,0.0|0375415823,0.0|0375415831,0.0|0375430695,0.0|0380789035,0.0|0393038912,0.0|039914563X,0.0|0425180964,0.0|0790743132,0.0|0792839846,0.0|0807282588,0.0|B00007CWQI,0.0|0671027352,-0.062017366|0671027360,-0.062017366|B00004WICV,-0.068041384|B00003CWQU,-0.068041384|0736656669,-0.07856742|630575067X,-0.09061005|0613262654,-0.09894549|0312861761,-0.09894549|0312863551,-0.09894549|B0000667J7,-0.16484512|1565115147,-0.21320072|630575070X,-0.2236068|0393317552,-0.29559878|061318114X,-0.29559878|1586211137,-0.33028913|0440180295,-0.37267798|B000062TU2,-0.3952847|B000062TU1,-0.3952847|B00003CXI1,-0.3952847|B00003CXI0,-0.3952847|B00006IRHB,-0.3952847|B00006IRHA,-0.3952847|0553283685,-0.4269563|0441783589,-0.46291006|0785787283,-0.46291006|0747545111,-0.5345225|0807282316,-0.5345225|0807282324,-0.5345225|0939173360,-0.5345225|0312864256,-0.55215764|0439136350,-0.559017|0439136369,-0.559017|0807286028,-0.559017|0441007465,-0.559017|0441569595,-0.559017|0736638369,-0.559017|0736656103,-0.56011206|0743455967,-0.61237246|0694525499,-0.6666667
0812566548:0312867964,1.0|0312867964,1.0|0812566998,0.18569534
0812566556:0312890575,1.0|0812521390,0.0
0812566629:0553103547,1.0|0553381695,0.7905694|0553579908,0.7905694|0312873840,0.34615386|0441008356,0.0|0345435249,-0.2690691|0441478123,-0.32732683|0808521667,-0.32732683
0812566637:0765300354,1.0
0812566645:0312867875,1.0|0312867875,1.0|0142800376,0.8385255|0140867163,0.8385255|0613221583,0.34299716|0812550293,0.34299716|1575110458,0.34299716|1590073991,0.34299716|1590073983,0.34299716|0553573403,0.31622776|0312932081,-0.13363062|0812589041,-0.13363062|1574535366,-0.13363062|0812550706,-0.13363062|0553103547,-0.4082483
0812566734:0312872615,1.0|0312872615,1.0
0812566998:0312867972,1.0|0812571991,0.9220779|0312867964,0.18569534|0812566548,0.18569534|0812580370,-0.61237246
0812567072:0375760962,1.0|0486290271,1.0|0679602305,1.0|0553214322,1.0|0460872583,1.0|0679602305,1.0|0460872583,1.0|0553214322,1.0|0375760962,1.0|0899663761,0.7905694|0553213385,0.75|1576465128,0.73029673|0375759239,0.73029673|0486405524,0.73029673|0486419371,0.73029673|0688131379,0.7092994|0486295060,0.7092994|0812505158,0.6859943|0764586696,0.64168894|0679420398,0.64168894|034540288X,0.6324555|0679419462,0.6324555|0345353145,0.59408855|0764108190,0.5345225|0395796776,0.5345225|0786119241,0.5345225|0151002177,0.5345225|0679803718,0.3668997|193014248X,0.3668997|0899663680,0.25|0764191004,0.25|078610239X,0.25|0451524934,0.25|044180263X,0.24253562|0449300439,0.24253562|0899682839,0.24253562|1931056730,0.24253562|0395071224,0.2|0395362903,0.2|0618162216,0.2|088142269X,0.2|0395520215,0.2|0618260307,0.2|1551113058,0.19611613|0486284727,0.19611613|0679600108,0.19462474|0553213512,0.18725148|0451526341,0.14142136|0671575546,0.0|0671575538,0.0|0736605673,-0.09759001|0486270718,-0.2|0486411095,-0.2182179|1894003241,-0.2182179|0486295672,-0.2182179|0312863586,-0.2182179|0807281751,-0.31622776|0807286001,-0.31622776|0807209546,-0.5345225|0140283331,-0.5345225|1573226122,-0.5345225|0613287142,-0.61237246|0747545774,-0.61237246|0786222735,-0.61237246|0439064872,-0.61237246|0439420105,-0.61237246|0939173352,-0.61237246|080728601X,-0.61237246|B0000399WI,-0.6666667|0780623134,-0.6666667|B000007OY0,-0.6666667|B00000I1IE,-0.6666667|043936213X,-1.0|0590353403,-1.0|0786222727,-1.0|0939173344,-1.0
0812567080:0380788152,-0.49009803
0812567102:1578151236,1.0|0899682839,1.0|1551113058,1.0|0786222727,1.0|0939173344,1.0|1582790442,1.0|0060955686,1.0|014018970X,1.0|0140283331,1.0|0375753206,1.0|0393967948,1.0|0486298035,1.0|1573226122,1.0|0808598104
